    0.7828 -0.0507212
 0.831174 0.0258642
 0.864217 0.0795305
 0.856718 0.0686416
 0.853855 0.0656865
 0.842238 0.0546949
  0.83865 0.0522559
 0.826161 0.0446172
 0.822247 0.0430443
 0.808966 0.0384734
 0.805143 0.0379036
 0.790989 0.0365104
 0.787579 0.0368809
   0.7723 0.0392383
 0.769461 0.0403705
 0.752769 0.0477317
 0.750475 0.0494515
0.732572 0.063619
  0.73056 0.0659639
  0.71341 0.0867828
0.711295 0.090183
 0.69755 0.113208
0.695195 0.118091
0.684833 0.140622
0.682331 0.147132
0.674424   0.1689
0.671936 0.176994
0.665911 0.198002
 0.66363 0.207446
0.659191 0.227574
0.65733 0.23791
0.654338 0.256856
0.653093 0.267415
0.651483 0.284736
0.650993 0.294749
0.650712 0.309967
 0.65103 0.318751
0.652013 0.331484
0.653114 0.338587
 0.65529 0.348607
0.657107 0.353837
0.660419 0.361032
 0.66289 0.364382
0.667297 0.368693
0.670399 0.370229
0.675866 0.371633
 0.67963 0.371395
 0.68612 0.369904
0.690625 0.367853
0.698079 0.363525
0.703423 0.359534
0.711743 0.352489
0.717962 0.346425
0.726935 0.336914
0.733811 0.328886
0.742969 0.317479
0.749892 0.308152
 0.75854 0.295803
0.764722 0.286278
0.772358 0.273797
0.777345 0.264916
 0.78382 0.252613
0.787547 0.244721
0.792837 0.232622
0.795423 0.225747
0.799465 0.213863
0.801071 0.207885
0.803731 0.196343
0.804493 0.191096
0.805615 0.180172
0.805616 0.175508
0.805108  0.16559
 0.80437 0.161437
0.802277 0.152915
0.800792 0.149321
0.797289 0.142496
0.795085 0.139622
0.790432 0.134691
0.787624 0.132741
0.782124  0.12981
0.778915 0.128927
0.772866 0.128019
0.769488 0.128231
0.763136 0.129308
 0.75978 0.130537
0.753332 0.133541
0.750104 0.135678
0.743753 0.140515
  0.7407 0.143473
0.734643 0.149985
0.731774 0.153724
0.726212 0.161653
0.723541 0.166159
0.718652 0.175156
0.716221 0.180405
0.712147 0.190058
0.710046 0.195939
0.706889 0.205808
0.705246 0.212072
