12
ES
6	0.00351800000	0.35881700000	-0.02822400000
7	0.01366200000	0.12320700000	1.39200000000
7	1.10170700000	-0.12386500000	2.03398400000
6	2.35144100000	-0.35087000000	1.35619500000
6	-1.18282200000	0.36777900000	-0.64210500000
1	-2.08203000000	0.16795900000	-0.07027500000
1	-1.27817100000	0.56592400000	-1.70272700000
6	3.46172500000	-0.36047000000	2.09880200000
1	3.39428800000	-0.16772100000	3.16357800000
1	4.43731700000	-0.55218400000	1.66898900000
1	2.38172100000	-0.57072400000	0.29258400000
1	0.91959100000	0.58564900000	-0.56661100000
2
-0.01150493300990956, 0.00967409877713986, 0.00520170969214804, 0.00792127806284070, 0.00635067690154978, -0.00671119262519025, 0.00466717686062793, 0.00678115702787773, -0.01469609664082082, -0.00235413879226534, -0.02290649741975867, 0.00868484328334301, -0.00796399891795550, 0.00162407438324236, -0.00568844316662589, 0.01418271187494009, -0.00410374055229593, 0.00947037012130754, -0.00877661629520653, 0.00243356148113329, -0.00437332812181552, 0.00621001531753287, -0.00414176119637208, 0.00304347708167500, -0.00775490780071264, -0.00147862160384332, -0.00225472356701753, 0.00515917040418027, -0.01658664646826067, 0.01634486155855733
0.01145697224083783, 0.00968038580387340, 0.00517572109945611, -0.00787088359867753, 0.00633627018754670, -0.00675271196563253, -0.00465606501598755, -0.00684000215515504, -0.01464093429820666, 0.00231067204713762, -0.02278062038350520, -0.00852389955977085, -0.00804717307840742, -0.00162202686381172, -0.00570611559620213, -0.01410461940190673, -0.00414847049614136, 0.00941481070780572, 0.00881818094113695, -0.00243521810731308, -0.00433783239248663, 0.00617273995700664, 0.00398512800842185, -0.00283050974655116, -0.00775605101598195, 0.00156727602280183, -0.00234385465161996, 0.00497097360054583, 0.01763782756891227, 0.01573587698196701
