6
ES
6	-0.66470376661	0.00000001738	0.00000033013
6	0.66470380830	0.00000001738	0.00000033013
1	-1.23863710789	0.92177802994	0.00000033013
1	-1.23863754206	-0.92177854984	-0.00000437694
1	1.23863724929	0.92177867553	0.00000469806
1	1.23863725481	-0.92177827730	-0.00000296181
11
-0.04435990000000000, -0.00000480000000000, 0.00000260000000000, -0.00000060000000000, 0.02065640000000000, -0.00000610000000000, 0.00000390000000000, 0.00000150000000000, -0.00000940000000000, -0.01027200000000000, -0.00001030000000000, -0.00000230000000000
0.01190540000000000, -0.02340730000000000, 0.02513000000000000, -0.02396650000000000, 0.02147120000000000, -0.00000500000000000, 0.00993940000000000, 0.00635410000000000, -0.00000150000000000, -0.00204860000000000, -0.00000180000000000, -0.00027110000000000
0.01190590000000000, -0.02340860000000000, -0.02512790000000000, 0.02396660000000000, 0.02147230000000000, -0.00000810000000000, 0.00993990000000000, -0.00635210000000000, -0.00000370000000000, -0.00204860000000000, -0.00000400000000000, 0.00027000000000000
0.01190640000000000, 0.02340200000000000, 0.02513270000000000, 0.02396790000000000, 0.02147350000000000, -0.00000660000000000, -0.00993620000000000, -0.00635290000000000, -0.00000600000000000, -0.00204880000000000, -0.00000420000000000, -0.00027120000000000
0.01190660000000000, 0.02340230000000000, -0.02512950000000000, -0.02396970000000000, 0.02147390000000000, -0.00000650000000000, -0.00993660000000000, 0.00635530000000000, -0.00000380000000000, -0.00204870000000000, -0.00000640000000000, 0.00027080000000000
-0.01179660000000000, -0.00000460000000000, 0.01075350000000000, -0.00000200000000000, -0.02243320000000000, -0.00000740000000000, 0.00000190000000000, -0.00000230000000000, -0.00000970000000000, -0.01483540000000000, -0.00000770000000000, 0.03901110000000000
-0.01179840000000000, -0.00000720000000000, -0.01074960000000000, 0.00000150000000000, -0.02243350000000000, -0.00001090000000000, 0.00000070000000000, 0.00000660000000000, -0.00000980000000000, -0.01483320000000000, -0.00001270000000000, -0.03901230000000000
-0.01393430000000000, -0.01707250000000000, 0.00000880000000000, 0.00001620000000000, -0.01422930000000000, -0.00002590000000000, 0.00633710000000000, 0.00001070000000000, -0.03271930000000000, 0.00545960000000000, 0.02591090000000000, -0.00002100000000000
-0.01393180000000000, -0.01707790000000000, -0.00000380000000000, -0.00001310000000000, -0.01422640000000000, -0.00002100000000000, 0.00633860000000000, -0.00000260000000000, 0.03270720000000000, 0.00545350000000000, -0.02592650000000000, 0.00000710000000000
-0.01393760000000000, 0.01706880000000000, 0.00000850000000000, -0.00001660000000000, -0.01423180000000000, -0.00002640000000000, -0.00633400000000000, -0.00000670000000000, 0.03271590000000000, 0.00545990000000000, 0.02591510000000000, -0.00001720000000000
-0.01393510000000000, 0.01706830000000000, -0.00000410000000000, 0.00001280000000000, -0.01423070000000000, -0.00002070000000000, -0.00633350000000000, 0.00000660000000000, -0.03271590000000000, 0.00545750000000000, -0.02591800000000000, 0.00001080000000000
