6
ES
6	-0.35294972897	0.18202698815	-0.05929859266
6	0.88344933242	-0.09192157942	0.73615840001
1	-1.02166243272	0.90745022623	0.41266358251
1	-0.91467207930	-0.66001886812	-0.48942018348
1	0.11023254177	0.71649450401	-0.92566383518
1	1.29560226261	-1.05403135774	0.32555897852
5
0.00283021384586400, -0.00155994061077949, 0.02437097332269102, -0.01022644369779164, 0.00928409250076753, 0.00562209359169174, 0.00608782848121208, -0.00046203830990816, -0.00344634824097249, 0.00365460940136060, -0.00660728622371818, -0.03958616957004515
0.00367561518479974, 0.00102596979046495, 0.01807234950083270, -0.01533853796264615, 0.01193361963654942, -0.00402660569340076, 0.00727820683842418, 0.00238963276200370, 0.00446180053438213, 0.01388782479130731, -0.02762682858597701, 0.02702273498313647
-0.00519107991055888, 0.01263630092603554, -0.03294537189083045, 0.03208992412066236, -0.00721434961236304, -0.00734256617911332, -0.00666398965073716, 0.00282481820933324, 0.00580736797562900, -0.00118409129945886, -0.00217592062577363, 0.00007161835951086
0.00496005378019333, -0.02168412542309970, -0.03240411690511402, -0.02718280614440129, -0.01033686821406838, -0.00459971994388276, 0.00513950942083883, 0.00585292199069340, 0.00007890482974935, -0.00217935530847397, 0.00475346745308428, 0.00048377632745818
0.00511591141233029, 0.00219972619362382, 0.00832396221962986, 0.01205152455019831, 0.01319198053088288, -0.00061368956598560, 0.00272354990319006, -0.01071640115032392, 0.00080014271233727, -0.01784764926313549, 0.03745908372405195, 0.01534390286564835
