6
ES
6	-0.31216818543	0.15858585966	-0.15217905574
6	0.56758560312	-0.60047077900	0.80148329236
1	-0.82472967191	0.93159477816	0.44833001637
1	-1.14088867582	-0.52253541876	-0.41710749866
1	0.10032093711	0.61107916811	-1.06323718839
1	1.60987988875	-0.57825369507	0.38270878379
2
-0.00630043792483587, -0.00187926885217852, -0.01943450174962382, 0.01179366470424346, -0.01021270878495573, -0.00541741055441600, 0.00047256840774012, 0.00513122326018682, -0.00893471945774405, 0.00143933181232846, -0.00008772895144314, -0.04120525852380367
-0.00629079871050697, 0.00186097871180392, -0.01947421283934157, 0.01178106429266902, -0.01015929813288332, -0.00546010609482805, -0.00045481184380193, 0.00512170790595348, -0.00895725819329617, -0.00145017434750093, -0.00018783967961932, 0.04119575902573717
