11
-0.0443599 -0.0000048 0.0000026 -0.0000006 0.0206564 -0.0000061 0.0000039 0.0000015 -0.0000094 -0.0102720 -0.0000103 -0.0000023
0.0119054 -0.0234073 0.0251300 -0.0239665 0.0214712 -0.0000050 0.0099394 0.0063541 -0.0000015 -0.0020486 -0.0000018 -0.0002711
0.0119059 -0.0234086 -0.0251279 0.0239666 0.0214723 -0.0000081 0.0099399 -0.0063521 -0.0000037 -0.0020486 -0.0000040 0.0002700
0.0119064 0.0234020 0.0251327 0.0239679 0.0214735 -0.0000066 -0.0099362 -0.0063529 -0.0000060 -0.0020488 -0.0000042 -0.0002712
0.0119066 0.0234023 -0.0251295 -0.0239697 0.0214739 -0.0000065 -0.0099366 0.0063553 -0.0000038 -0.0020487 -0.0000064 0.0002708
-0.0117966 -0.0000046 0.0107535 -0.0000020 -0.0224332 -0.0000074 0.0000019 -0.0000023 -0.0000097 -0.0148354 -0.0000077 0.0390111
-0.0117984 -0.0000072 -0.0107496 0.0000015 -0.0224335 -0.0000109 0.0000007 0.0000066 -0.0000098 -0.0148332 -0.0000127 -0.0390123
-0.0139343 -0.0170725 0.0000088 0.0000162 -0.0142293 -0.0000259 0.0063371 0.0000107 -0.0327193 0.0054596 0.0259109 -0.0000210
-0.0139318 -0.0170779 -0.0000038 -0.0000131 -0.0142264 -0.0000210 0.0063386 -0.0000026 0.0327072 0.0054535 -0.0259265 0.0000071
-0.0139376 0.0170688 0.0000085 -0.0000166 -0.0142318 -0.0000264 -0.0063340 -0.0000067 0.0327159 0.0054599 0.0259151 -0.0000172
-0.0139351 0.0170683 -0.0000041 0.0000128 -0.0142307 -0.0000207 -0.0063335 0.0000066 -0.0327159 0.0054575 -0.0259180 0.0000108
