6
6 6 1 1 1 1
18
-0.66470376661363695 0.00000001738280416 0.00000033013417306 0.66470380829636311 0.00000001738280416 0.00000033013417306 -1.23863710789363690 0.92177802994280422 0.00000033013417306 -1.23863754206363685 -0.92177854983719576 -0.00000437693582694 1.23863724928636287 0.92177867553280424 0.00000469806417306 1.23863725480636289 -0.92177827729719586 -0.00000296180582694
13
12
0.0938921000 -0.1453940000 0.0654526000 -0.1361130000 0.1305190000 -0.0249336000 0.0276470000 -0.0054322500 0.0104982000 -0.0094890600 0.0056136000 0.1362040000 
12
-0.1386280000 0.0066339500 -0.1515720000 -0.1521030000 -0.1528190000 -0.0097061700 0.0274155000 0.0000590569 0.0187641000 -0.0088112400 0.0000125212 -0.0000056221 
12
0.0100830000 -0.1909830000 -0.0669098000 0.0633120000 -0.0148798000 -0.0793059000 -0.0252689000 -0.0000013240 -0.1327010000 -0.1420550000 -0.0000063440 0.0000048936 
12
-0.2235320000 0.0059749200 -0.0031214400 0.0082229800 0.1547530000 0.0264368000 -0.1177390000 0.0027985300 0.0032969200 0.0025346200 -0.0067292500 -0.0366089000 
12
-0.1632750000 -0.2016360000 -0.0075417100 -0.0130742000 0.0612548000 0.0366724000 -0.0583068000 -0.0152429000 -0.0810447000 0.0776423000 -0.0330819000 -0.0060110800 
12
-0.0144955000 -0.1818870000 0.0000272809 -0.0000164812 0.2211780000 0.0386639000 -0.0793266000 0.0000001089 0.0000000479 -0.0000000026 0.0000000164 0.0000001493 
12
-0.0004376380 -0.2996250000 0.0000439387 -0.0000260105 -0.0109387000 0.0044108400 0.0092587600 0.0000006404 0.0000000166 0.0000000427 -0.0000000536 0.0000003879 
12
0.0421494000 0.2580200000 -0.0270568000 -0.0162768000 0.0848090000 -0.0252671000 0.0243585000 0.0000017902 0.0820388000 -0.0741437000 -0.0000016009 0.0000006912 
12
-0.1829660000 -0.1221160000 -0.0912759000 0.0955873000 0.1225230000 0.0386654000 -0.0828213000 -0.0005540930 -0.0004805640 0.0015559600 0.0053411100 0.0272938000 
12
-0.0819067000 0.0408529000 -0.0227230000 0.0317105000 -0.0216793000 0.0054385100 -0.0385123000 0.2769530000 -0.0329479000 -0.0101237000 -0.0147923000 0.0028128500 
12
0.0409187000 0.0208713000 -0.1657050000 0.1653830000 -0.0268469000 0.1116980000 0.1006240000 -0.0000016537 0.0607385000 0.0779027000 0.0000028764 -0.0000011462 
12
0.0117981000 0.1055780000 0.0690963000 -0.0680070000 -0.2445250000 -0.0376013000 0.0900135000 0.0000020179 -0.0016080300 -0.0018739700 -0.0000003975 -0.0000013290 
12
-0.1557770000 0.1254710000 0.0879515000 -0.0847546000 -0.1863610000 -0.0139414000 0.0055670300 0.0000009382 0.0089526100 0.0059808300 0.0000001305 -0.0000007884 
