11
12
-0.044359878395716895172 -0.000004765217066920842  0.000002593235208251628 -0.000000628484018659706  0.020656384731530631066 -0.000006067903500684393  0.000003912446933098621  0.000001547162589307767 -0.000009417240543972148 -0.010272033613267254545 -0.000010281231815222068 -0.000002291811036329800
12
 0.011905419013283900440 -0.023407258902949621554  0.025130015442190366259 -0.023966544723882383938  0.021471180632696311441 -0.000004972654995802224  0.009939438451103458499  0.006354066163023305153 -0.000001503582035421177 -0.002048558118763809353 -0.000001765267340526993 -0.000271062506518205933
12
 0.011905924770550621594 -0.023408563202577604284 -0.025127908906082872809  0.023966592183503183239  0.021472257257426127092 -0.000008096736224908337  0.009939933770867567450 -0.006352075124374080041 -0.000003733714529281943 -0.002048612560350029834 -0.000003955524818586124  0.000269991140202674906
12
 0.011906438141074825524  0.023401971828348921284  0.025132728886241954835  0.023967892919074900576  0.021473487048062671334 -0.000006581017147933502 -0.009936227773413588982 -0.006352944489321401232 -0.000006014863886512266 -0.002048817520315403696 -0.000004160378811656313 -0.000271239758872743233
12
 0.011906640138810138316  0.023402311385264933097 -0.025129521591777819606 -0.023969655346812782787  0.021473947402521356698 -0.000006480178497573116 -0.009936563973475779840  0.006355319271147041350 -0.000003776913569188312 -0.002048720350403751556 -0.000006355585914172112  0.000270839706271193208
12
-0.011796630894183523022 -0.000004634393496356088  0.010753486353383152202 -0.000002049354298102144 -0.022433154139519170811 -0.000007396056074194733  0.000001892015214666404 -0.000002250475327089662 -0.000009720305138696771 -0.014835375959931810727 -0.000007690406212851038  0.039011113847516667996
12
-0.011798363800507114668 -0.000007239809574624423 -0.010749561707682217873  0.000001459089663675908 -0.022433505484902614008 -0.000010887679180957034  0.000000674959812512278  0.000006564706394583573 -0.000009758528820728861 -0.014833178107225199888 -0.000012710302532893987 -0.039012302164891980716
12
-0.013934285649096536316 -0.017072464077618424577  0.000008780485939608525  0.000016231468133084791 -0.014229272075309436912 -0.000025881240097990949  0.006337134108456599947  0.000010734833684882596 -0.032719316100555340121  0.005459610261502606185  0.025910859607532830962 -0.000020969894889432504
12
-0.013931819623427099675 -0.017077881755219029292 -0.000003804550411538153 -0.000013085585816270230 -0.014226367808519898780 -0.000020978388827057989  0.006338645783927205658 -0.000002576561268618040  0.032707164357254521481  0.005453530877833341443 -0.025926474957302030749  0.000007061124620306026
12
-0.013937577266264924644  0.017068813433991077838  0.000008540912529163467 -0.000016622200162870177 -0.014231780498357915130 -0.000026368950551318524 -0.006334019693842436391 -0.000006672834666951460  0.032715903050051564627  0.005459930280280241716  0.025915123570441248035 -0.000017217925019871113
12
-0.013935146277251134195  0.017068342586339241285 -0.000004091735788308914  0.000012775918313353715 -0.014230681981927000013 -0.000020666676626688386 -0.006333491643288391426  0.000006623602874777569 -0.032715888019293370981  0.005457519184018422981 -0.025918011901893658194  0.000010820768150770080
