100
12
0.0939948000 -0.1453100000 0.0648732000 -0.1361680000 0.1307240000 -0.0252107000 0.0276521000 0.0051488900 0.0106703000 -0.0104510000 -0.0028388200 0.1362090000 
12
0.0112471000 0.1784690000 0.1593850000 -0.1696870000 0.0227283000 -0.0269851000 -0.0140340000 0.0070157500 0.0230009000 0.0094709600 -0.0056013000 0.0410348000 
12
-0.2235320000 0.0059668700 -0.0032088600 0.0081517400 0.1547800000 0.0264354000 -0.1177730000 -0.0031681200 0.0028940100 0.0039343700 0.0049002000 -0.0365637000 
12
-0.0567467000 0.2429120000 0.1061510000 0.1022820000 -0.0486731000 -0.0130686000 0.0139511000 0.0224957000 -0.0153470000 -0.0009126900 -0.0481857000 -0.0156593000 
12
-0.0004422880 -0.2996260000 0.0001028580 0.0000286143 -0.0109211000 0.0044130000 0.0092517400 0.0000153398 0.0000113011 0.0000016494 0.0000301442 -0.0000020714 
12
-0.0700661000 0.1450210000 -0.2321470000 -0.0240822000 -0.0663669000 -0.0258016000 0.0138129000 0.0428760000 0.0079707000 -0.0101985000 0.0414165000 -0.0246020000 
12
0.2225770000 -0.0032585000 0.0010547500 -0.0075796300 -0.1584440000 -0.0281521000 0.1184590000 0.0026334000 -0.0005267380 -0.0029479600 -0.0082946200 0.0193955000 
12
-0.1387770000 0.0063843100 -0.1517540000 -0.1515790000 -0.1529050000 -0.0101773000 0.0277961000 -0.0001803780 0.0189131000 -0.0087034900 0.0022246300 -0.0000381465 
12
-0.1829400000 -0.1221170000 -0.0910432000 0.0958289000 0.1225300000 0.0387428000 -0.0827504000 0.0003753480 -0.0004093610 0.0002079460 -0.0063341700 0.0273064000 
12
0.0810642000 0.1963710000 0.0782245000 0.0770367000 -0.1576980000 -0.0385412000 0.0730842000 0.0144182000 0.0025893200 -0.0100471000 -0.0271102000 -0.0082014700 
12
0.0462405000 0.0426770000 -0.2052590000 0.0565035000 -0.1252290000 0.0695180000 0.1122380000 0.0259697000 0.0544793000 0.0611257000 0.0076657100 -0.0129136000 
12
0.1935760000 0.1282230000 -0.0856921000 0.0901016000 -0.0992182000 -0.0425052000 0.0795142000 0.0434986000 -0.0011612900 -0.0020236200 -0.0133672000 -0.0240004000 
12
0.0124035000 0.1829560000 0.0001633380 0.0001812310 -0.2208660000 -0.0380175000 0.0783953000 0.0001689660 0.0000619489 0.0001021160 0.0005084490 -0.0000214051 
12
-0.0650619000 0.0414725000 -0.0124936000 0.2400240000 -0.0645464000 -0.0883561000 -0.0237022000 -0.0192509000 -0.0871118000 -0.0387563000 0.0624792000 0.0194918000 
12
0.0292523000 0.2857510000 -0.0272604000 -0.0261902000 0.0424928000 -0.0057836900 -0.0069825000 0.0502655000 0.0054074000 0.0031367900 0.0272948000 -0.0293747000 
12
-0.1332870000 0.2184130000 0.0001893930 0.0002198720 -0.1563940000 -0.0049126500 0.0068474000 0.0000081922 0.0000058193 -0.0000003342 0.0000019873 0.0000034234 
12
-0.0059379000 0.0195814000 -0.2165220000 0.0629812000 0.0043725600 0.0755306000 0.1345050000 -0.0012385400 0.1218390000 0.0080582900 -0.0024912100 -0.0001058660 
12
0.0812042000 0.1147530000 0.0005071850 0.1530460000 -0.1914380000 -0.0423006000 0.0915040000 0.0001983540 0.0017179600 0.0001105940 0.0005790680 -0.0000366892 
12
0.0882751000 0.1136580000 0.1633230000 0.0096133700 -0.1793790000 -0.0397575000 0.0871143000 0.0093244600 0.0008007760 -0.0119847000 -0.0283900000 -0.0117760000 
12
0.0788327000 -0.2501900000 0.0870110000 0.0845105000 0.0789536000 0.0095306800 -0.0077656700 0.0000782645 -0.0078172300 0.0054641200 -0.0013754500 0.0000040223 
12
-0.0781102000 0.2500930000 0.0882418000 0.0846668000 -0.0782160000 -0.0090288500 0.0090699600 0.0001011950 -0.0089497200 0.0057984900 -0.0014707000 0.0000047386 
12
-0.0299813000 0.0249201000 -0.2119760000 0.0890823000 -0.0841971000 0.1044570000 0.0951209000 -0.0002839500 0.0698513000 0.0588277000 -0.0149045000 -0.0003554000 
12
-0.0578041000 0.2433070000 -0.1060630000 -0.1015470000 -0.0499432000 -0.0129207000 0.0135773000 0.0362642000 0.0154217000 -0.0028952900 0.0329173000 -0.0202233000 
12
-0.0824568000 0.0405670000 -0.0227860000 0.0321026000 -0.0212337000 0.0052068500 -0.0389265000 0.2772600000 -0.0288027000 -0.0124296000 -0.0121384000 -0.0027969800 
12
0.0013130700 0.2996900000 -0.0000861348 -0.0000128655 0.0102154000 -0.0030010400 -0.0083993000 0.0000091250 -0.0000129795 0.0000012207 -0.0000228754 0.0000008431 
12
-0.2088460000 0.0092455800 0.0067605600 0.0006088670 0.0910298000 0.0254365000 -0.0756331000 -0.0031308300 0.0440415000 -0.0764674000 0.1542510000 0.0028491100 
12
-0.0572827000 0.1324600000 0.0373225000 0.2245840000 0.0063502300 -0.0513861000 0.0631418000 0.0009354460 -0.0844995000 0.0576323000 -0.0145580000 -0.0000152195 
12
0.1080690000 0.0652847000 -0.0496131000 -0.2099580000 -0.1304960000 -0.0040610200 -0.0433822000 -0.0449759000 -0.0396304000 0.0664950000 -0.0200997000 -0.0129859000 
12
-0.0163611000 0.0159912000 -0.0110333000 0.0105299000 -0.0284385000 0.0141228000 -0.0056131200 -0.0165531000 0.0082845000 0.0081349500 0.0170734000 0.2958110000 
12
-0.0210955000 -0.2772820000 0.0187406000 0.0167988000 -0.0337222000 0.0071651100 0.0058338300 -0.0836133000 -0.0034938900 -0.0085074200 -0.0421574000 0.0442826000 
12
-0.0216737000 -0.2758520000 -0.0170893000 -0.0180347000 -0.0344285000 0.0067817100 0.0052457900 0.0611113000 0.0030763900 -0.0217834000 -0.0766044000 -0.0383829000 
12
-0.0082258100 -0.1908750000 -0.1518790000 0.1588750000 -0.0190475000 0.0240149000 0.0138032000 -0.0061032500 -0.0197565000 -0.0069876100 0.0066015900 -0.0595008000 
12
-0.0987848000 0.1499010000 -0.0003550110 -0.2149280000 -0.1018010000 -0.0231399000 0.0083979500 -0.0003136870 0.0246507000 -0.0000086711 -0.0000479870 -0.0000415061 
12
0.0860988000 0.1031590000 0.1690340000 0.0002853120 -0.1807390000 -0.0388943000 0.0888453000 0.0139890000 0.0004553480 0.0012378700 0.0261645000 0.0204435000 
12
-0.1789500000 -0.0326512000 0.0303595000 -0.0294061000 -0.2243080000 -0.0004767520 0.0211214000 0.0583752000 0.0047820600 0.0014003800 -0.0061282100 0.0298979000 
12
0.1393300000 -0.0062535600 0.1506770000 0.1505520000 0.1550370000 0.0094295300 -0.0265822000 0.0001682090 -0.0171290000 0.0070586000 -0.0018096900 0.0000347340 
12
0.0391525000 0.2817060000 0.0003897290 0.0015172400 0.0612254000 -0.0110699000 0.0012841900 -0.0594404000 -0.0009303460 0.0043029800 0.0163867000 0.0375811000 
12
-0.1800220000 -0.1288220000 -0.0896084000 0.0897475000 0.1290000000 0.0379494000 -0.0826053000 -0.0001815720 -0.0016721600 0.0018808100 -0.0012808600 0.0001051300 
12
-0.0112935000 0.0234579000 -0.0622453000 0.2262940000 -0.0586275000 0.0879608000 0.1150580000 0.0186817000 0.0431993000 0.0693930000 -0.0516864000 -0.0111373000 
12
-0.1280090000 -0.0457012000 -0.0753780000 0.0896589000 0.0240346000 0.0259174000 -0.0487732000 -0.2321740000 -0.0034246500 -0.0077199600 0.0134795000 0.0043239800 
12
-0.1891120000 0.0091684800 0.0004231500 0.0003830010 -0.2320290000 -0.0017756000 0.0176544000 0.0000219007 0.0000124795 0.0000043347 0.0000282992 -0.0000010166 
12
-0.0388225000 0.0692137000 0.0001269880 0.0248140000 -0.0536845000 0.0480144000 -0.0141747000 -0.0029023600 0.2787290000 -0.0001138380 -0.0003834670 0.0001117010 
12
0.0410519000 0.0396279000 -0.0507898000 0.2094920000 -0.1076900000 0.0607521000 0.1303350000 -0.0190937000 0.0410687000 0.0750076000 0.0150431000 0.0099464500 
12
-0.0791015000 0.0664142000 -0.0077293900 0.0375735000 -0.0233118000 0.0056036100 -0.0396896000 -0.2103760000 0.1765310000 0.0163671000 -0.0015456000 0.0043569100 
12
0.0879032000 0.1142780000 -0.1626530000 -0.0098865800 -0.1796510000 -0.0396581000 0.0869996000 -0.0244499000 -0.0010617900 -0.0013160200 -0.0219627000 0.0126690000 
12
0.1796700000 0.1309100000 -0.0892312000 0.0893781000 -0.1284440000 -0.0406287000 0.0804857000 0.0002049620 -0.0007450980 0.0018374000 0.0002447890 -0.0000236626 
12
-0.2100310000 0.0108592000 -0.0120071000 -0.0029980700 0.0929132000 0.0229372000 -0.0727259000 0.0120582000 -0.0417891000 0.1409840000 0.0959196000 -0.0141123000 
12
-0.0991229000 -0.0078717200 0.1861640000 0.1672130000 -0.0976352000 -0.0164676000 0.0338452000 -0.0024390500 -0.0282398000 0.0303012000 0.0582685000 0.0378075000 
12
-0.0692686000 0.1427290000 0.0272069000 0.2324640000 -0.0597433000 -0.0280262000 0.0149961000 -0.0257789000 -0.0336671000 0.0215016000 0.0531338000 0.0196846000 
12
-0.1612100000 -0.0753915000 -0.0265830000 0.0167014000 -0.2078800000 -0.0435981000 0.0011169100 0.0019881300 -0.0820117000 -0.0717607000 0.0185987000 0.0007456520 
12
-0.0997899000 -0.1071330000 -0.1524320000 -0.0911990000 -0.1216120000 -0.0651425000 0.0096843100 0.0060170100 -0.0829351000 -0.1023100000 0.0184498000 0.0127646000 
12
-0.0388300000 0.0692063000 0.0000043741 -0.0246934000 -0.0537749000 0.0479419000 -0.0140254000 -0.0004624280 -0.2787530000 0.0003861830 0.0014937600 -0.0002918760 
12
0.0937239000 -0.1455470000 0.0649823000 -0.1367400000 0.1301580000 -0.0246825000 0.0276520000 -0.0057360000 0.0103231000 -0.0078396900 0.0079280400 -0.1361350000 
12
0.0726215000 0.2487040000 -0.0014310500 -0.0119791000 0.0861780000 -0.0103515000 -0.0043551400 0.0163557000 -0.0754789000 0.0837263000 0.0461440000 -0.0083809800 
12
-0.1165210000 0.0374939000 -0.0208287000 0.0318930000 0.0099722400 0.0046268900 -0.0575802000 -0.2635570000 -0.0211805000 -0.0034667700 0.0139597000 0.0034836500 
12
-0.0659327000 0.0422361000 -0.2424610000 0.0102941000 -0.0651425000 -0.0956753000 -0.0141738000 -0.0333092000 -0.0525922000 -0.0828797000 -0.0105042000 0.0228584000 
12
0.0887796000 0.0471895000 -0.1778410000 0.0004803320 -0.1162510000 -0.1254070000 0.1038210000 0.0007093180 0.0001049150 -0.0877610000 0.0232584000 0.0001162320 
12
0.1681580000 0.2171830000 0.0002172970 0.0004424900 -0.0844949000 -0.0376302000 0.0637704000 0.0377820000 0.0004026510 -0.0025212900 -0.0089281200 -0.0204527000 
12
-0.0081660800 -0.1908870000 -0.1518900000 0.1588590000 -0.0190594000 0.0244315000 0.0140460000 0.0067389700 -0.0191155000 -0.0085255700 -0.0024492500 0.0595126000 
12
-0.0981439000 0.1514220000 -0.2141330000 0.0007261630 -0.1041950000 -0.0213266000 0.0085742400 0.0000200177 -0.0000060820 -0.0137322000 0.0035075400 0.0000475537 
12
0.0809962000 0.1963610000 0.0782518000 0.0770635000 -0.1576420000 -0.0383385000 0.0729733000 -0.0141290000 0.0026211300 0.0045096900 0.0296682000 0.0081723300 
12
-0.1382630000 0.0065223600 0.1524110000 0.1521800000 -0.1521160000 -0.0101758000 0.0277844000 0.0002368200 -0.0189025000 0.0087259900 -0.0021428400 0.0000204060 
12
0.0919512000 -0.0388842000 -0.1381170000 -0.1735100000 -0.1095340000 0.0244347000 -0.0733697000 -0.0480882000 -0.0330202000 0.0923434000 -0.0269106000 -0.0147838000 
12
0.0916818000 0.1036990000 -0.1657630000 -0.0204388000 -0.1110320000 -0.0741984000 0.1397130000 -0.0000955196 0.0526505000 -0.0512977000 0.0137450000 -0.0000816056 
12
-0.0469514000 0.0456433000 0.0093369800 0.0000239228 -0.0211391000 0.0727367000 -0.0345561000 0.0007678170 -0.0000637756 -0.2717980000 0.0694136000 -0.0005714670 
12
0.0861211000 0.0454529000 0.1738750000 -0.0120174000 -0.1706860000 -0.1060050000 0.0557365000 0.0156069000 0.0515362000 0.0444183000 -0.0415458000 -0.0080247500 
12
-0.0795676000 0.1246920000 0.2404110000 0.0033881500 -0.0778996000 -0.0287252000 0.0116942000 -0.0162069000 -0.0022805700 0.0087416700 -0.0428830000 -0.0331405000 
12
-0.1445940000 0.0401874000 -0.1109880000 0.1029160000 -0.1766850000 -0.0749200000 -0.0241162000 0.0009572900 -0.0641909000 -0.0533115000 0.0138505000 0.0003225710 
12
-0.1034100000 -0.1081120000 -0.0828815000 -0.1457260000 -0.1288610000 -0.0557947000 -0.0013916400 -0.0010604900 0.1104130000 0.0843850000 -0.0219061000 -0.0000830173 
12
-0.0219314000 -0.2758320000 -0.0170849000 -0.0180714000 -0.0342006000 0.0073124600 0.0053340500 -0.0611227000 0.0025081600 0.0180481000 0.0776255000 0.0383683000 
12
0.1565400000 0.2201400000 -0.0000046320 0.0000453223 -0.1075250000 -0.0365180000 0.0643245000 0.0001947110 0.0001101390 0.0000703062 0.0005850460 -0.0000308873 
12
0.0852691000 0.0456252000 -0.1730620000 0.0130443000 -0.1722280000 -0.1061200000 0.0558541000 0.0219507000 -0.0512645000 -0.0466586000 0.0325506000 -0.0117098000 
12
-0.0576853000 0.2433240000 -0.1060310000 -0.1015150000 -0.0500518000 -0.0128462000 0.0139333000 -0.0365301000 0.0146335000 -0.0183987000 -0.0275257000 0.0202183000 
12
0.0072111200 -0.0066540800 0.0109434000 -0.0107548000 -0.2744970000 -0.0210167000 0.1124570000 -0.0312293000 -0.0038695700 -0.0025293400 0.0054759200 -0.0143048000 
12
-0.0728002000 -0.0012597700 -0.0027884800 -0.0010073000 -0.0181474000 -0.0210564000 0.0453851000 -0.0256933000 -0.0039441700 -0.0667899000 -0.2768980000 -0.0069270400 
12
0.0981783000 -0.1522770000 0.2133350000 -0.0007236750 0.1052000000 0.0190375000 -0.0079959900 -0.0000040453 0.0000002343 0.0125294000 -0.0031916300 -0.0000401757 
12
-0.1281800000 -0.0456460000 -0.0754370000 0.0894760000 0.0241511000 0.0251884000 -0.0493506000 0.2321600000 0.0007610830 -0.0115291000 -0.0092897700 -0.0042945300 
12
-0.2081570000 0.0092310600 0.0066934600 0.0006490820 0.0903585000 0.0253936000 -0.0753060000 0.0026742000 0.0437034000 -0.1421630000 -0.0996239000 -0.0027414700 
12
-0.0908148000 -0.1110290000 0.1615810000 0.0112089000 0.1757170000 0.0378105000 -0.0860290000 0.0423048000 0.0020459400 0.0047751400 0.0350853000 -0.0208875000 
12
0.0914861000 0.0001797190 -0.0889977000 -0.0957262000 -0.2212400000 -0.0291429000 0.1195900000 0.0049064500 0.0004986100 -0.0024297800 -0.0135448000 0.0152962000 
12
-0.2216940000 -0.0013342400 -0.0039800900 -0.0019598900 0.1120680000 0.0074543000 -0.0614733000 0.0063538600 -0.0012000300 0.0416976000 0.1503240000 -0.0076640700 
12
0.1935720000 0.1281850000 -0.0856346000 0.0901445000 -0.0992532000 -0.0424284000 0.0796240000 -0.0430631000 -0.0013625400 0.0044766900 0.0140584000 0.0239543000 
12
0.0798570000 0.1154610000 -0.1531650000 0.0005625820 -0.1921150000 -0.0408511000 0.0907916000 0.0001773430 0.0000943525 0.0033715200 -0.0002249570 -0.0000280358 
12
0.1000290000 0.0033491600 0.1042840000 0.0999156000 -0.2081530000 -0.0290256000 0.1151640000 0.0085960500 -0.0018268000 -0.0132909000 -0.0345240000 -0.0156885000 
12
-0.0880901000 0.1301820000 -0.0001464420 -0.2331480000 -0.0872994000 -0.0284701000 0.0100354000 0.0065617700 0.0299069000 -0.0059422200 -0.0231704000 0.0298769000 
12
0.0902515000 0.1135050000 0.0124142000 0.1633320000 -0.1769550000 -0.0415436000 0.0869932000 0.0168026000 0.0019100300 -0.0097449500 -0.0324956000 -0.0098161200 
12
-0.1515170000 0.0902815000 0.1057320000 -0.1018920000 -0.1842040000 -0.0204727000 0.0040262500 -0.0459311000 0.0140924000 0.0111967000 0.0017468700 -0.0229735000 
12
-0.0784505000 0.2499730000 -0.0880745000 -0.0844049000 -0.0787273000 -0.0090279100 0.0090794800 -0.0000701512 0.0089426700 -0.0057906500 0.0014639300 -0.0000054266 
12
0.0293895000 0.2857390000 -0.0272600000 -0.0261885000 0.0424508000 -0.0056683400 -0.0065502100 -0.0504064000 0.0044922800 -0.0104409000 -0.0254554000 0.0294172000 
12
0.1681550000 0.2171880000 0.0002484720 0.0004915850 -0.0844701000 -0.0373931000 0.0639617000 -0.0374624000 0.0002177110 0.0021481000 0.0101589000 0.0204239000 
12
-0.1937150000 -0.1168960000 -0.0854363000 0.0808049000 0.0973544000 0.0220692000 -0.0472253000 0.0030704300 -0.0049249100 0.0322648000 0.1079020000 -0.0082642400 
12
-0.0105780000 0.0234729000 -0.0616887000 0.2263050000 -0.0578944000 0.0877576000 0.1155680000 -0.0195542000 0.0425285000 0.0862770000 0.0124943000 0.0108579000 
12
0.0428460000 0.1865470000 -0.1794370000 0.0990603000 0.0554333000 -0.0232683000 -0.0131575000 -0.0651638000 -0.0118755000 -0.0221870000 -0.0323523000 0.0404960000 
12
0.0896156000 0.0054168400 0.0899157000 0.0890858000 -0.2251850000 -0.0297272000 0.1196750000 0.0003576020 -0.0007385960 -0.0015895600 0.0010931000 -0.0000372150 
12
0.0734910000 0.1978070000 -0.0691574000 -0.0676985000 -0.1691430000 -0.0398217000 0.0768413000 0.0001917100 -0.0015300200 0.0019136200 0.0000904033 -0.0000261097 
12
0.1818410000 0.1264050000 0.0895480000 -0.0948472000 -0.1246140000 -0.0408080000 0.0803175000 0.0015329200 0.0007852600 -0.0031356900 -0.0065436500 0.0155086000 
12
0.1643010000 0.2182120000 0.0107709000 0.0112626000 -0.0953700000 -0.0346859000 0.0593990000 0.0176898000 0.0035311400 -0.0108976000 -0.0277855000 -0.0101420000 
12
-0.0276604000 -0.2748720000 0.0002663680 -0.0019294700 -0.0456506000 0.0106100000 0.0004786350 -0.0901202000 -0.0005109750 0.0067989300 0.0254205000 0.0516258000 
12
-0.0163616000 0.0159768000 -0.0110561000 0.0105920000 -0.0283631000 0.0137202000 -0.0058029000 0.0162755000 0.0081572100 -0.0013460800 -0.0188077000 -0.2958530000 
12
-0.1515400000 0.0903364000 0.1056850000 -0.1018430000 -0.1842100000 -0.0205557000 0.0039382100 0.0454048000 0.0154145000 0.0094663800 -0.0070701700 0.0228792000 
