12
-0.011798364133762270778 -0.000007239885842857657 -0.010749561523015468967  0.000001459093940060865 -0.022433505349678181662 -0.000010887679373915632  0.000000674928203405862  0.000006564912422736266 -0.000009758533615728251 -0.014833177847858234483 -0.000012710307255283074 -0.039012302291314082670
12
-0.013931819639691808005 -0.017077881694182235617 -0.000003804455779238763 -0.000013085308632917035 -0.014226367818900846618 -0.000020978183333434728  0.006338645830957806426 -0.000002576150446218969  0.032707164425785362205  0.005453531029783800603 -0.025926474853803529314  0.000007060073801127251
12
-0.011796631026254713812 -0.000004634474975009710  0.010753486447947912738 -0.000002049319421167026 -0.022433153996108696343 -0.000007396056287254029  0.000001891978236217585 -0.000002250583109169961 -0.000009720304875055240 -0.014835376110647963827 -0.000007690405163180288  0.039011113806652751579
12
-0.013934285611693034146 -0.017072464178785082961  0.000008780316712122188  0.000016231038139066033 -0.014229272026119826194 -0.000025880710118717981  0.006337133996243648343  0.000010734491267542577 -0.032719316007894239107  0.005459610093375184478  0.025910859769448752604 -0.000020969192060336238
12
-0.011798364031931522083 -0.000007239753849903696 -0.010749561721351682739  0.000001459060957191209 -0.022433505303562643191 -0.000010887678543691671  0.000000674952797665855  0.000006564631942221960 -0.000009758529337551607 -0.014833178088821018931 -0.000012710296775789933 -0.039012302202437273979
12
-0.013934285674057401289 -0.017072464043024836167  0.000008780389094194466  0.000016231286364933459 -0.014229272075172922848 -0.000025880879345800117  0.006337134121490894945  0.000010734670276579331 -0.032719316153893708565  0.005459610343020552224  0.025910859530040838972 -0.000020969639889938832
12
-0.044359878383813118596 -0.000004765204640998059  0.000002593179012460626 -0.000000628079380074138  0.020656384747714383321 -0.000006067903452788952  0.000003912427859262128  0.000001547685960186616 -0.000009417241143644417 -0.010272033632130930791 -0.000010281231981757277 -0.000002291680725212822
12
-0.013934285609639007059 -0.017072464084952658492  0.000008780483905923736  0.000016231455398008323 -0.014229272144854265142 -0.000025880994009860096  0.006337134093935627849  0.000010735119947781467 -0.032719316140015393402  0.005459610219642360880  0.025910859547783368639 -0.000020970665597805876
12
 0.011906438225445677842  0.023401971658070848392  0.025132728608376321555  0.023967893142589628136  0.021473487210385826252 -0.000006581016424661243 -0.009936227857513753314 -0.006352944729195085516 -0.000006014862157086201 -0.002048816944427354209 -0.000004160385399935631 -0.000271239542539875218
12
-0.011798364044183782054 -0.000007239931013678501 -0.010749561723324056392  0.000001458978379230437 -0.022433505311623101741 -0.000010887677999493602  0.000000674882719412257  0.000006564920556387156 -0.000009758525126911821 -0.014833178150857009858 -0.000012710284731967508 -0.039012302169894111370
12
 0.011906438992734084265  0.023401971869245408869  0.025132728732131053712  0.023967893026591358119  0.021473486664605214574 -0.000006581013425504431 -0.009936227638952240676 -0.006352944766891966723 -0.000006014863212575003 -0.002048816625146555794 -0.000004160379171294525 -0.000271239168537861994
12
 0.011906438135237808890  0.023401971896531679335  0.025132728914802508063  0.023967892893152781958  0.021473487024532625367 -0.000006581016767876710 -0.009936227633550932803 -0.006352944590033102364 -0.000006014863577518850 -0.002048817372545233464 -0.000004160379117406857 -0.000271239520346701162
12
-0.013931819684285756331 -0.017077881672510699523 -0.000003804429948070260 -0.000013085086605230668 -0.014226367827021904264 -0.000020978054048889548  0.006338645886214780770 -0.000002575914929648910  0.032707164412372424778  0.005453531078252800250 -0.025926474833261627800  0.000007059551932589929
12
 0.011905418910721023845 -0.023407258852914641922  0.025130015446231241533 -0.023966544659611774271  0.021471180702606330187 -0.000004972653759964057  0.009939438614245919845  0.006354066176045067640 -0.000001503564757711765 -0.002048558370863329866 -0.000001765298470083346 -0.000271062909498502960
12
 0.011906437884750790610  0.023401971549420391705  0.025132728650186605956  0.023967892760286789444  0.021473487495730324282 -0.000006581016726326482 -0.009936228237435876590 -0.006352945439215847319 -0.000006014863574534747 -0.002048817037110610677 -0.000004160378990333620 -0.000271239942007142751
12
 0.011906438299231686395  0.023401971803882065659  0.025132728817946106692  0.023967893099451520467  0.021473486949365849785 -0.000006581017183191263 -0.009936227748090742731 -0.006352944354178157414 -0.000006014863878677935 -0.002048817216022145137 -0.000004160378789341132 -0.000271239521734211874
12
-0.013934285656753562371 -0.017072464109710826230  0.000008780590508085798  0.000016231932884269471 -0.014229272056574765112 -0.000025881629786858299  0.006337134095078076831  0.000010735458938810854 -0.032719316041688713270  0.005459610241500841184  0.025910859672200154541 -0.000020971382796061179
12
-0.011798364058722261849 -0.000007239836388182209 -0.010749561635056621364  0.000001459116842552516 -0.022433505338870354806 -0.000010887678054274174  0.000000675022958594736  0.000006564773356409375 -0.000009758528353584881 -0.014833177998083002871 -0.000012710296137388165 -0.039012302232268175617
12
-0.013937577384496410010  0.017068813174362675728  0.000008540880946037172 -0.000016622081826631589 -0.014231780862133057083 -0.000026368665728647436 -0.006334019492938636718 -0.000006673088286715148  0.032715903150753906925  0.005459930603724916405  0.025915123331713418864 -0.000017218692331610183
12
-0.011796630991046490322 -0.000004634870047005041  0.010753486512087521293 -0.000002049647201701357 -0.022433153992773895158 -0.000007396059607810056  0.000001892076161527699 -0.000002251013336159194 -0.000009720623854872821 -0.014835376231453669543 -0.000007690076269676324  0.039011113755487172861
12
 0.011905924609974079947 -0.023408563270625730446 -0.025127908959696569624  0.023966592016905399060  0.021472257367677036188 -0.000008096736277730438  0.009939933543496037860 -0.006352075720630396931 -0.000003733714014716880 -0.002048612165344254350 -0.000003955526098165791  0.000269990691858850763
12
-0.011798364028195640688 -0.000007239684053664423 -0.010749561687800623239  0.000001458978940139489 -0.022433505328360758141 -0.000010887679075570704  0.000000674888091601828  0.000006564574309825681 -0.000009758529034685100 -0.014833178055958353217 -0.000012710298784612200 -0.039012302211073081326
12
 0.011906438204879939494  0.023401971703379539219  0.025132728716386453643  0.023967893044070036346  0.021473487131229311575 -0.000006581016717574024 -0.009936227867550415788 -0.006352944827480694334 -0.000006014863970542465 -0.002048816864564496128 -0.000004160379595504439 -0.000271239433931400303
12
-0.013935146372646872379  0.017068342538327976182 -0.000004091823870412549  0.000012775986683810697 -0.014230681959861424951 -0.000020666854693579391 -0.006333491616818533003  0.000006623590415568845 -0.032715888130908095388  0.005457519202365228826 -0.025918011755856524420  0.000010820789644731084
12
 0.011906437985439465022  0.023401971790844244836  0.025132728855260896839  0.023967892779356812782  0.021473487221101435207 -0.000006581016846476143 -0.009936227842045720210 -0.006352944920187942462 -0.000006014863746116079 -0.002048817385424301068 -0.000004160379131984441 -0.000271239757179213585
12
 0.011905924875227867632 -0.023408563226502063920 -0.025127908935366954912  0.023966592299228529211  0.021472257129679098858 -0.000008096736406856337  0.009939933653444869149 -0.006352074941503479434 -0.000003733714341769455 -0.002048612465247383590 -0.000003955525434838623  0.000269990958408715192
12
 0.011906438338639427355  0.023401971692378904788  0.025132728652522338259  0.023967893185181731591  0.021473487068086955648 -0.000006581017101039221 -0.009936227776894759195 -0.006352944851617971581 -0.000006014863876254186 -0.002048816424638953953 -0.000004160378862230375 -0.000271239037284509406
12
-0.011798364039540569156 -0.000007240343214298767 -0.010749561677339612709  0.000001459461790587958 -0.022433505344261521486 -0.000010887678508444904  0.000000674953538542917  0.000006565330047927027 -0.000009758527712246546 -0.014833178085989997055 -0.000012710299197316875 -0.039012302189694092469
12
 0.011905924785457709311 -0.023408563100045416683 -0.025127908783258604691  0.023966592258453815745  0.021472257345728027605 -0.000008096736434999183  0.009939933789695896971 -0.006352075598177724797 -0.000003733714680009269 -0.002048611846963430908 -0.000003955524956462372  0.000269990700463229908
12
-0.011798364061990784454 -0.000007239808565398981 -0.010749561677185078337  0.000001459002931271466 -0.022433505306454430694 -0.000010887678735104657  0.000000674968703721936  0.000006564704433796876 -0.000009758528279619464 -0.014833178062004830772 -0.000012710299988742650 -0.039012302214028141134
12
 0.011905419041467120086 -0.023407258958313914565  0.025130015464162370337 -0.023966544688110786449  0.021471180570329675280 -0.000004972656534033085  0.009939438557528731608  0.006354065821864087957 -0.000001503580699184686 -0.002048558615065247234 -0.000001765266527520497 -0.000271062897664934004
12
-0.011798364102409166637 -0.000007239780652199422 -0.010749561596654730322  0.000001459008393972267 -0.022433505329152819002 -0.000010887678166356907  0.000000674860216738233  0.000006564734529616116 -0.000009758528918654480 -0.014833177951013248527 -0.000012710296857837527 -0.039012302253145503261
12
-0.011798364054766663847 -0.000007239777688053831 -0.010749561603770378670  0.000001458952824811682 -0.022433505364517915270 -0.000010887678347600096  0.000000674846491435108  0.000006564683681684862 -0.000009758528415892059 -0.014833177970581984048 -0.000012710300299038850 -0.039012302237826951279
12
-0.011798364070765440803 -0.000007239964346791014 -0.010749561624114750691  0.000001459150051936338 -0.022433505318489158076 -0.000010887678805028233  0.000000674963967814405  0.000006564960379226059 -0.000009758528759132870 -0.014833177940187885352 -0.000012710298146284146 -0.039012302265317266858
12
-0.011796630954810080616 -0.000004634576718434512  0.010753486433365192290 -0.000002049493394156990 -0.022433153990436244252 -0.000007396066583708295  0.000001891988568674714 -0.000002250793215239672 -0.000009720515252926520 -0.014835376037818247610 -0.000007690126132499157  0.039011113863201545005
12
-0.013937577289858981908  0.017068813460231493928  0.000008540902218707775 -0.000016621922759137695 -0.014231780505698059247 -0.000026368708175007679 -0.006334019664826822694 -0.000006672619255175169  0.032715903087753808731  0.005459930161892353681  0.025915123521619603392 -0.000017217533458993262
12
-0.011798364016707373753 -0.000007239855701537930 -0.010749561668260750047  0.000001459037086859489 -0.022433505327814913521 -0.000010887678360358003  0.000000674879887810959  0.000006564751238462319 -0.000009758529152400168 -0.014833177999225320015 -0.000012710297031512117 -0.039012302241753414600
12
 0.011906438267032682515  0.023401971989093668658  0.025132728968281968507  0.023967893004105459559  0.021473486849995442050 -0.000006581017090204061 -0.009936227433343746904 -0.006352944299378114439 -0.000006014862866998932 -0.002048817329122612930 -0.000004160377866024540 -0.000271239276966299826
12
-0.011798364049535728371 -0.000007239898003902429 -0.010749561621711610504  0.000001459047127851914 -0.022433505344584034336 -0.000010887678376450709  0.000000674934827786348  0.000006564814854734679 -0.000009758529227232928 -0.014833177953118576592 -0.000012710296259404018 -0.039012302252519621970
12
 0.011905418875551467342 -0.023407259230402068656  0.025130015769738778264 -0.023966544530881997432  0.021471180295569162327 -0.000004972686577007577  0.009939438362692563575  0.006354065847873240254 -0.000001503633111020312 -0.002048558354653228029 -0.000001765188020694765 -0.000271062527483880334
12
-0.011798364051367164415 -0.000007239894894158256 -0.010749561625500725359  0.000001459060054038459 -0.022433505346076024894 -0.000010887678821743522  0.000000674902305926733  0.000006564828081818109 -0.000009758529301129594 -0.014833177965103239854 -0.000012710297166723849 -0.039012302245504955345
12
-0.013931819596915038031 -0.017077881717054696487 -0.000003804575476190900 -0.000013085496832425076 -0.014226367811669710789 -0.000020978399967522011  0.006338645864536017818 -0.000002576378011831129  0.032707164317543016563  0.005453530988545163966 -0.025926475002210652709  0.000007060761008344782
12
-0.011798364075702401366 -0.000007239825987218637 -0.010749561670242222325  0.000001459066235677973 -0.022433505307784418897 -0.000010887678901687525  0.000000674919292915750  0.000006564714325474277 -0.000009758528924123084 -0.014833178026137814817 -0.000012710301914984978 -0.039012302224659678451
12
 0.011906640157985414266  0.023402311419637555900 -0.025129521580780456863 -0.023969655410332631890  0.021473947324237512013 -0.000006480177592016938 -0.009936563947962124416  0.006355319280928597991 -0.000003776907358338827 -0.002048720169860020549 -0.000006355575768626130  0.000270839571471651020
12
-0.011798364055903223443 -0.000007239802550036087 -0.010749561631270885750  0.000001459084277565984 -0.022433505338468086310 -0.000010887678592409015  0.000000674880904466684  0.000006564675920054868 -0.000009758529075151014 -0.014833177972113378851 -0.000012710300068927734 -0.039012302244294042031
12
 0.011905924827883145739 -0.023408563084810651844 -0.025127908768941886741  0.023966592337632479370  0.021472257284682404188 -0.000008096735872032680  0.009939933876501150928 -0.006352075327335456045 -0.000003733715019819754 -0.002048612051713416971 -0.000003955523686416951  0.000269990932064512114
12
-0.011798364023093635064 -0.000007239631774437809 -0.010749561624726495720  0.000001459018493414277 -0.022433505358090813364 -0.000010887678452430523  0.000000674965306879065  0.000006564498381983428 -0.000009758529656078112 -0.014833177959119290407 -0.000012710297399889427 -0.039012302249739928828
12
 0.011906438029700957063  0.023401971546624916048  0.025132728594775260306  0.023967892920214787372  0.021473487401562494498 -0.000006581016669706465 -0.009936228158039819153 -0.006352945360821543250 -0.000006014863839255732 -0.002048816691678251745 -0.000004160379602839855 -0.000271239631759656304
12
-0.013934285623967226225 -0.017072464110091129658  0.000008780421473120294  0.000016231429243039812 -0.014229272082258263843 -0.000025881056119102612  0.006337134015840280819  0.000010734796549034319 -0.032719316108157862899  0.005459610098311910853  0.025910859643413636233 -0.000020970022600900010
12
-0.013931819693516204334 -0.017077881654592893396 -0.000003804649527648025 -0.000013085662427308960 -0.014226367805521687726 -0.000020978607135182137  0.006338645909973412117 -0.000002576718351503919  0.032707164367838492680  0.005453531094138690943 -0.025926474897588425161  0.000007061365984641681
12
-0.011798364083001640704 -0.000007239704736501312 -0.010749561634114081915  0.000001459019304281675 -0.022433505306170855448 -0.000010887678185691246  0.000000675043799299622  0.000006564619134749038 -0.000009758529653723309 -0.014833177953539358057 -0.000012710294165779272 -0.039012302260978799773
12
-0.013935146284401549871  0.017068342625769221399 -0.000004091870789803923  0.000012776207009956468 -0.014230681928434360875 -0.000020667016637432674 -0.006333491683748352329  0.000006623896929495849 -0.032715887903722450092  0.005457519109121944205 -0.025918012052389669680  0.000010821536946039247
12
-0.011798364149970550288 -0.000007239902007613050 -0.010749561496549708828  0.000001459040359737241 -0.022433505341853968162 -0.000010887678371046446  0.000000674842001740725  0.000006564850167687556 -0.000009758529087434447 -0.014833177774640490115 -0.000012710295756704660 -0.039012302326058782842
12
-0.044359878395494614645 -0.000004765216305694761  0.000002593231102390783 -0.000000629165389128397  0.020656384732085121547 -0.000006067903341636984  0.000003912442895227626  0.000001546277588843011 -0.000009417240124229006 -0.010272033613211460634 -0.000010281231785054417 -0.000002291791885846281
12
-0.011796631098635476653 -0.000004634492499764481  0.010753486284788834476 -0.000002049455775824735 -0.022433154050976553129 -0.000007396055780054818  0.000001892087293832710 -0.000002250631503580709 -0.000009720258797350493 -0.014835375920449039508 -0.000007690341858137370  0.039011113870525700176
12
 0.011905924799154933222 -0.023408563074889924410 -0.025127908816134556652  0.023966592270278367499  0.021472257306993633441 -0.000008096736259937818  0.009939933926119980806 -0.006352075222793079554 -0.000003733714073292041 -0.002048612358431015773 -0.000003955525952949254  0.000269991176843543631
12
 0.011906438128030166421  0.023401971674556792946  0.025132728604425093322  0.023967892796466688798  0.021473487398884664318 -0.000006581020291660661 -0.009936227978215231640 -0.006352945473525739919 -0.000006014866852033604 -0.002048816583108786695 -0.000004160377898445018 -0.000271239298203839385
12
-0.013937577280258139217  0.017068813477976854664  0.000008540895502238396 -0.000016621939447578604 -0.014231780521438043216 -0.000026368817166861571 -0.006334019658149021154 -0.000006672458225766669  0.032715903070927566942  0.005459930181836086978  0.025915123525439471425 -0.000017216940588732175
12
 0.011905924679055561802 -0.023408563130294903626 -0.025127908870937097630  0.023966592126743926222  0.021472257376377607702 -0.000008096736224161354  0.009939933848905084871 -0.006352075440544046117 -0.000003733714505797547 -0.002048612407197687030 -0.000003955524837448473  0.000269991141695001568
12
-0.013937577177159000616  0.017068813469437518759  0.000008541171283383840 -0.000016622222173299694 -0.014231780365074310490 -0.000026369066486614003 -0.006334019739713210584 -0.000006673261704613904  0.032715903061963286236  0.005459930327941110023  0.025915123630751036449 -0.000017219194732050000
12
 0.011906438192958338634  0.023401971797899386030  0.025132728869283943451  0.023967892971585136319  0.021473487043164551230 -0.000006581033171738504 -0.009936227703913244266 -0.006352944653372739718 -0.000006014845269759966 -0.002048817075101767339 -0.000004160336172434639 -0.000271239494750626206
12
-0.013931819722843553910 -0.017077881662702260740 -0.000003804414951138046 -0.000013085293910314861 -0.014226367842843357786 -0.000020978064036436033  0.006338645794313797419 -0.000002576290401254379  0.032707164387352542778  0.005453530980467376395 -0.025926474884539689458  0.000007060413880600778
12
-0.013937577325537476788  0.017068813449724967723  0.000008541070700634778 -0.000016621476145926153 -0.014231780283671294218 -0.000026368491659061295 -0.006334019845689931906 -0.000006672120131056607  0.032715903201028004310  0.005459930586612342027  0.025915123356091054191 -0.000017216152017058622
12
 0.011905418666162861929 -0.023407258516695367279  0.025130015225225680459 -0.023966544483368393270  0.021471181162075678173 -0.000004972654701616824  0.009939439249357884601  0.006354066838430577797 -0.000001503582078987592 -0.002048558376290491624 -0.000001765267233491020 -0.000271063504991161019
12
-0.011796630938690870483 -0.000004634655459730797  0.010753486522364130717 -0.000002049428315854113 -0.022433154015454689900 -0.000007396056797649182  0.000001892034429876792 -0.000002250845795117596 -0.000009720304981817385 -0.014835376175194476059 -0.000007690402555395286  0.039011113776902750505
12
-0.011798364036063987287 -0.000007239692626695412 -0.010749561687125940707  0.000001458991806923358 -0.022433505331363550600 -0.000010887679088013073  0.000000674978054171423  0.000006564606920636737 -0.000009758529410498918 -0.014833178072696580341 -0.000012710299667331689 -0.039012302200779017114
12
 0.011906640252533027061  0.023402311344009912863 -0.025129521528411500469 -0.023969655498480072625  0.021473947348071856234 -0.000006480178459071818 -0.009936563902879258156  0.006355319351816119539 -0.000003776913309716108 -0.002048719874984292547 -0.000006355585461302677  0.000270839338593075222
12
-0.011798364112706422741 -0.000007239688038553456 -0.010749561548213042161  0.000001458863742557978 -0.022433505349769698733 -0.000010887683000007289  0.000000674879368268078  0.000006564596407560504 -0.000009758595145495696 -0.014833177882877020964 -0.000012710269397920820 -0.039012302277466763545
12
 0.011906437908028829828  0.023401971587610898018  0.025132728670383377295  0.023967892770349882164  0.021473487459100142755 -0.000006581016775830003 -0.009936228146711590867 -0.006352945427361807867 -0.000006014863815280259 -0.002048816977342466684 -0.000004160379247239992 -0.000271239817069789699
12
-0.011798364096849369223 -0.000007239739561361404 -0.010749561639819708858  0.000001458990028031289 -0.022433505286152861241 -0.000010887678388072777  0.000000674893030273634  0.000006564620072034584 -0.000009758528994417994 -0.014833177925541366979 -0.000012710297041634176 -0.039012302277371416204
12
 0.011905924558346343139 -0.023408563172829292831 -0.025127908922319901891  0.023966591993422225321  0.021472257450029071102 -0.000008096736291645736  0.009939933769657760890 -0.006352075694993101693 -0.000003733714313542372 -0.002048612387629614607 -0.000003955525430440405  0.000269991051564437477
12
-0.013931819668992536515 -0.017077881611488553854 -0.000003804602291275450 -0.000013085805068215051 -0.014226367886379860314 -0.000020978682178096186  0.006338645826104034528 -0.000002576842737693220  0.032707164385772410919  0.005453531013229458504 -0.025926474909518302386  0.000007061490942091507
12
-0.011798364055596744643 -0.000007239949914751320 -0.010749561612422024043  0.000001459229046489207 -0.022433505345614168647 -0.000010887680223077824  0.000000674943027420579  0.000006564850435535296 -0.000009758524498371410 -0.014833177948002885735 -0.000012710314189153505 -0.039012302254571258608
12
 0.011905924911062685384 -0.023408563451591146709 -0.025127909168808255924  0.023966592332586206943  0.021472256813330897751 -0.000008096735132103279  0.009939933266339809337 -0.006352074720739340694 -0.000003733712970122588 -0.002048612353400300779 -0.000003955524656761466  0.000269990628574322700
12
 0.011906438141150856719  0.023401971729197758310  0.025132728749914925309  0.023967892965232970998  0.021473487155502953699 -0.000006581017120991649 -0.009936227890293435061 -0.006352944834519571628 -0.000006014863167953387 -0.002048817045885788744 -0.000004160377062089245 -0.000271239574277002792
12
-0.011796631031888386160 -0.000004634653855117358  0.010753486434848164022 -0.000002049395240780112 -0.022433153991007849515 -0.000007396056487805266  0.000001891995987879760 -0.000002250839095299849 -0.000009720305977668671 -0.014835376053788528264 -0.000007690405530191698  0.039011113833074956281
12
-0.013934285659797868498 -0.017072464090415788440  0.000008780264800553532  0.000016230897721555542 -0.014229272093353463255 -0.000025880430976607910  0.006337134050678201562  0.000010734318789784361 -0.032719316140173655694  0.005459610225140619846  0.025910859557603353742 -0.000020968722680346595
12
-0.013934285579505044025 -0.017072464087798160104  0.000008780441428690053  0.000016231505636620448 -0.014229272086372438122 -0.000025881042333018989  0.006337134120767305354  0.000010735045572478789 -0.032719316072780307847  0.005459610258456670286  0.025910859664493357535 -0.000020970496701648820
12
 0.011905418935153429597 -0.023407258783894612647  0.025130015384596277039 -0.023966544677832175153  0.021471180757290535268 -0.000004972654740249530  0.009939438722998027859  0.006354066223775443716 -0.000001503582145592268 -0.002048558312966080371 -0.000001765267206688004 -0.000271062899088374092
12
-0.011798364073873419955 -0.000007239792247166339 -0.010749561640334345802  0.000001459115980601499 -0.022433505330050181048 -0.000010887680116909005  0.000000674950243671366  0.000006564719151228538 -0.000009758527442089442 -0.014833178006619004638 -0.000012710314177177340 -0.039012302228070575016
12
 0.011906640105433314442  0.023402311542049279020 -0.025129521675771787637 -0.023969655288965080464  0.021473947364146105804 -0.000006480178551321261 -0.009936563525209574435  0.006355319698166210507 -0.000003776913342781139 -0.002048719758165543862 -0.000006355585148004803  0.000270838901135207494
12
 0.011906438360391959422  0.023401972043387290340  0.025132728949781513866  0.023967893097828495835  0.021473486771717186644 -0.000006581017067694493 -0.009936227235814658332 -0.006352944382600944975 -0.000006014863818229383 -0.002048816882105530725 -0.000004160378928123264 -0.000271238787385905372
12
 0.011906438441246697257  0.023401971973021774842  0.025132728902810212018  0.023967892906654759272  0.021473486858605752431 -0.000006581017384412484 -0.009936227393613267581 -0.006352944887146529107 -0.000006014863929127789 -0.002048816766580589550 -0.000004160379195975275 -0.000271238950195057383
12
-0.013934285594764780208 -0.017072464097625479618  0.000008780460398025246  0.000016231510091242497 -0.014229272098706032337 -0.000025881050899890197  0.006337134077418811288  0.000010735116391075815 -0.032719316119044064561  0.005459610209836360251  0.025910859605471434769 -0.000020970430626004813
12
-0.011798364032542016377 -0.000007239843665302050 -0.010749561633547108364  0.000001459029674103940 -0.022433505348434829019 -0.000010887678496494455  0.000000674864372078980  0.000006564753635332919 -0.000009758529245056402 -0.014833177979176296810 -0.000012710296484177197 -0.039012302242297965116
12
-0.013935146328829318627  0.017068342557626656891 -0.000004091886421106145  0.000012776272126794034 -0.014230681938934256967 -0.000020667051821833534 -0.006333491672002496305  0.000006624128358424332 -0.032715888055897361653  0.005457519242872238899 -0.025918011849937871299  0.000010821948604150566
12
 0.011905419145946630199 -0.023407258864366686096  0.025130015428063447874 -0.023966544820345863503  0.021471180578609163486 -0.000004972660768125843  0.009939438435530164109  0.006354065951243782415 -0.000001503569121249763 -0.002048558134969220065 -0.000001765263344261792 -0.000271062489529566217
12
 0.011905418805691462408 -0.023407259004952829518  0.025130015550479375963 -0.023966544479633054843  0.021471180741613558191 -0.000004972655053460326  0.009939438298570161742  0.006354066508785784564 -0.000001503582177476644 -0.002048558223088504503 -0.000001765267322673614 -0.000271062444418650563
12
 0.011906640339820145566  0.023402311539237254101 -0.025129521639627401541 -0.023969655534762740468  0.021473947163756539752 -0.000006480178546347015 -0.009936563493100812605  0.006355319247992509239 -0.000003776913894791686 -0.002048719665066155420 -0.000006355586474127745  0.000270838774052788525
12
-0.013934285512258299394 -0.017072464207875476250  0.000008780497765224427  0.000016231424883526865 -0.014229272042300485437 -0.000025881155894587531  0.006337134020949637334  0.000010734795362986671 -0.032719315959592029652  0.005459610120872526555  0.025910859842561809879 -0.000020969921814911508
12
-0.011798364098500453007 -0.000007240005267152979 -0.010749561538512758183  0.000001459114832082368 -0.022433505363032301555 -0.000010887678459333979  0.000000674865694135948  0.000006565007420325136 -0.000009758529821156010 -0.014833177868768266869 -0.000012710298914455771 -0.039012302282044622470
12
 0.011905924626204440753 -0.023408563177239213177 -0.025127908952358966876  0.023966592050619153070  0.021472257364080891973 -0.000008096736165362729  0.009939933806817779008 -0.006352075343001539927 -0.000003733714121077831 -0.002048612686968236639 -0.000003955525225222278  0.000269991281224650850
12
-0.013935146323419272951  0.017068342587015821604 -0.000004091808388211101  0.000012776130393014705 -0.014230681949282734250 -0.000020666759706239755 -0.006333491679540293948  0.000006624054988213539 -0.032715888012079051561  0.005457519133321465932 -0.025918011904727540629  0.000010821837998383408
12
 0.011905924600169448882 -0.023408563020811425787 -0.025127908808563147874  0.023966592053705038784  0.021472257488403347081 -0.000008096789867385670  0.009939934072617650704 -0.006352075796995375508 -0.000003733758145040446 -0.002048612356555290070 -0.000003955550718757025  0.000269991251293994101
12
 0.011905924848809430749 -0.023408563419535764055 -0.025127909059144609705  0.023966592214289327706  0.021472257045616397614 -0.000008096736734602112  0.009939933265329528936 -0.006352075090366035397 -0.000003733713832283600 -0.002048612260421687689 -0.000003955526194654463  0.000269990433202474010
12
 0.011906640230909482092  0.023402311465502138865 -0.025129521604398949441 -0.023969655444399735195  0.021473947298915749965 -0.000006480178550958254 -0.009936563632215482042  0.006355319537977960689 -0.000003776913617150425 -0.002048719620490070410 -0.000006355585824003884  0.000270838911523478575
12
 0.011905925286595162027 -0.023408563097776568379 -0.025127908812325922688  0.023966592251389612356  0.021472257063594950288 -0.000008096743506241146  0.009939933849415308678 -0.006352075354055713996 -0.000003733715771147668 -0.002048612070629245510 -0.000003955524552261189  0.000269991005487417294
12
-0.011798364068468443142 -0.000007239788619758100 -0.010749561637625439786  0.000001459074854460679 -0.022433505310106814645 -0.000010887678947059673  0.000000674990269233803  0.000006564700677033117 -0.000009758528176109452 -0.014833177947647876310 -0.000012710296946601667 -0.039012302264352066716
12
-0.011796630995673343043 -0.000004634526765579054  0.010753486477135041147 -0.000002049350411297517 -0.022433154015811515580 -0.000007396055620996072  0.000001892017664242155 -0.000002250667866716534 -0.000009720302172998719 -0.014835376175812155577 -0.000007690396094232050  0.039011113771731789623
12
-0.044359878393766039029 -0.000004765213085732789  0.000002593236141859387 -0.000000628175689504095  0.020656384733164188938 -0.000006067903399683239  0.000003912425258273583  0.000001547562215233460 -0.000009417239896051037 -0.010272033618376509578 -0.000010281230105202694 -0.000002291817505706125
12
 0.011906640208687565077  0.023402311751314630595 -0.025129521662049285335 -0.023969655463481107094  0.021473947060088378891 -0.000006480179727985512 -0.009936563442231141283  0.006355319298256793294 -0.000003776903816742817 -0.002048719741380889033 -0.000006355573829168325  0.000270838771633688936
12
 0.011906640003199386521  0.023402311474982177147 -0.025129521711237171738 -0.023969655185326028263  0.021473947435083413915 -0.000006480178612541703 -0.009936563787003973094  0.006355319504299513506 -0.000003776913611292430 -0.002048720396916963674 -0.000006355586053828592  0.000270839560440947922
12
 0.011905418994796912457 -0.023407258659750969365  0.025130015286727400842 -0.023966544779817702815  0.021471180786462595869 -0.000004972654794936965  0.009939438939044647689  0.006354066123223654598 -0.000001503581773755246 -0.002048558319528675023 -0.000001765267900284156 -0.000271063130454289179
12
-0.011798363954900836434 -0.000007231196028732679 -0.010749561748901821992  0.000001449511889613579 -0.022433505301217990940 -0.000010887666287909519  0.000000674303682415783  0.000006554196245095969 -0.000009758506567619661 -0.014833178077096552047 -0.000012710297183878713 -0.039012302227666252608
12
 0.011906437891387868649  0.023401971609620621922  0.025132728690214913014  0.023967892749595147428  0.021473487455809084357 -0.000006581016846612272 -0.009936228107900740500 -0.006352945455834338624 -0.000006014863730021732 -0.002048816964615920305 -0.000004160378982644724 -0.000271239756550032741
12
-0.011798364088901312080 -0.000007239784517691657 -0.010749561675256548085  0.000001459004562459625 -0.022433505289007827505 -0.000010887678431544253  0.000000674859061588608  0.000006564647341989311 -0.000009758529068287758 -0.014833178049709292920 -0.000012710297282812960 -0.039012302221145170322
12
 0.011905924855214881572 -0.023408563488194405328 -0.025127909111825719179  0.023966592205885199618  0.021472257011647913338 -0.000008096737753604882  0.009939933072294172139 -0.006352075058249042304 -0.000003733713364549722 -0.002048612300457164793 -0.000003955525265583469  0.000269990301036747513
12
-0.011798364081294697089 -0.000007239835165346872 -0.010749561571199099663  0.000001459194820962365 -0.022433505341824182960 -0.000010887678429065760  0.000000675050087411352  0.000006564763407345678 -0.000009758529740752182 -0.014833177855704640299 -0.000012710295700776030 -0.039012302295471625035
12
-0.013937577275133086058  0.017068813442537258962  0.000008540748023759703 -0.000016621609099910407 -0.014231780455606751409 -0.000026368316108092602 -0.006334019677384259556 -0.000006672213881281554  0.032715903084322747740  0.005459930343693956099  0.025915123533189771826 -0.000017216370099541104
12
-0.011798364127111682712 -0.000007239660075290122 -0.010749561570832032176  0.000001458979377299214 -0.022433505318107647281 -0.000010887678371105364  0.000000674955174879281  0.000006564536854740509 -0.000009758529585548477 -0.014833177873528566662 -0.000012710296020572829 -0.039012302288657624283
12
 0.011906640162675315511  0.023402311711521139176 -0.025129521897226191063 -0.023969655271797174478  0.021473947117439672744 -0.000006480178243614411 -0.009936563385064859158  0.006355318890623179798 -0.000003776913916887704 -0.002048720687864738661 -0.000006355585438612510  0.000270839331972078123
12
-0.011796631001487072749 -0.000004634455217432760  0.010753486412484629386 -0.000002049378568252616 -0.022433154026734930531 -0.000007396056369245050  0.000001891978389554022 -0.000002250487181565823 -0.000009720304512074746 -0.014835376049210667604 -0.000007690403558145483  0.039011113829675210518
12
 0.011905418705016296288 -0.023407258821232190121  0.025130015451333587162 -0.023966544424091389826  0.021471180916695701418 -0.000004972657479862152  0.009939438751964466481  0.006354066522458312084 -0.000001503581037462649 -0.002048558603650814901 -0.000001765266952780237 -0.000271063143366071283
12
 0.011905924787757345487 -0.023408563467257718915 -0.025127908799162882586  0.023966592305538114011  0.021472256962576395656 -0.000008096744064606119  0.009939933760608908944 -0.006352075424985375446 -0.000003733712506630111 -0.002048611602847668581 -0.000003955535282127144  0.000269990570847153789
12
-0.013935146395190178142  0.017068342488030990856 -0.000004091924040177163  0.000012776316088213210 -0.014230681938425230118 -0.000020667247514393340 -0.006333491736518374188  0.000006623904621814096 -0.032715888122852448960  0.005457519446073716245 -0.025918011717393982241  0.000010821421206109999
12
-0.011796631053693527186 -0.000004634477874635540  0.010753486478528544515 -0.000002049338822726847 -0.022433153962435586903 -0.000007396056767932923  0.000001891994353363234 -0.000002250527318106520 -0.000009720305843176885 -0.014835376133631866802 -0.000007690406128460292  0.039011113800549543362
12
 0.011906438321099338182  0.023401971733503345446  0.025132728668248345560  0.023967893166129690397  0.021473487039520487013 -0.000006581016636634678 -0.009936227782326091662 -0.006352944782673309101 -0.000006014863895108329 -0.002048816558215771962 -0.000004160379260265449 -0.000271239153896968841
12
-0.011798364098180280299 -0.000007239821073864962 -0.010749561555636777399  0.000001459116864408437 -0.022433505364028164669 -0.000010887678599946869  0.000000675005312138068  0.000006564741109969771 -0.000009758529950814537 -0.014833177902068703929 -0.000012710301408959062 -0.039012302264264608898
12
-0.011798364134865837669 -0.000007239921958000912 -0.010749561492067320409  0.000001459063037646859 -0.022433505350472809914 -0.000010887678143346651  0.000000674895067832471  0.000006564905690126269 -0.000009758529052150476 -0.014833177747302722649 -0.000012710296152470806 -0.039012302337285205411
12
-0.011798364091985705931 -0.000007239717357701056 -0.010749561645593111447  0.000001459078445010506 -0.022433505299294123625 -0.000010887678421729077  0.000000674955038481784  0.000006564584941476426 -0.000009758529178751388 -0.014833177987297661501 -0.000012710298119364841 -0.039012302246219168755
12
-0.011796631111249653717 -0.000004634625035608720  0.010753486307642456249 -0.000002049450309716058 -0.022433154018482573400 -0.000007396057325711267  0.000001892027179373642 -0.000002250738126086246 -0.000009720314819022881 -0.014835375909629192753 -0.000007690383871301346  0.039011113883170550620
12
-0.013931819624758787907 -0.017077881696824212532 -0.000003804457368478209 -0.000013085440285266805 -0.014226367819313322227 -0.000020978228955382490  0.006338645822170639252 -0.000002576466855108742  0.032707164391859146202  0.005453530965346680033 -0.025926474918023467708  0.000007060824258318839
12
-0.013934285654495679255 -0.017072464085963086344  0.000008780679125070691  0.000016232019471146890 -0.014229272067407797500 -0.000025881749369322798  0.006337134110687164638  0.000010735548521502060 -0.032719316053896212171  0.005459610296145904831  0.025910859651898796724 -0.000020971661978084131
12
-0.011796631046036376231 -0.000004634472768548835  0.010753486407689071339 -0.000002049393307674293 -0.022433153980673203182 -0.000007396057233618971  0.000001892047792376123 -0.000002250608981567444 -0.000009720304458295655 -0.014835375997018531574 -0.000007690403072446345  0.039011113863848000116
12
 0.011905924665708857851 -0.023408563244886923527 -0.025127908970358686647  0.023966592074583032562  0.021472257305605625677 -0.000008096736100732905  0.009939933636483518423 -0.006352075414908815200 -0.000003733713941846104 -0.002048612444078666637 -0.000003955525431289280  0.000269990944301569673
12
-0.013934285641805852635 -0.017072464057028689799  0.000008780462784938987  0.000016231587423583047 -0.014229272076293642685 -0.000025881122692694083  0.006337134078750194209  0.000010735172641570425 -0.032719316142372001366  0.005459610297758100451  0.025910859570573211569 -0.000020970682947715410
