7
11
2.0495200000 1.5459800000 0.9607510000 0.7979110000 2.9096500000 1.8888000000 0.6528540000 1.6701600000 2.5610900000 0.1217230000 0.8499390000 
11
1.2521200000 2.1066300000 1.2981100000 2.1813800000 0.8268410000 1.7499200000 1.3709500000 1.5325100000 1.4945000000 1.6456800000 1.5859400000 
11
2.0520800000 1.5464200000 2.1697000000 2.3215300000 3.1845900000 0.5011110000 1.5906600000 0.9907330000 1.2497200000 0.7059470000 1.7137900000 
11
1.2538600000 2.1083000000 1.2963600000 2.1857100000 0.8297960000 1.7457100000 1.3709900000 1.6155800000 1.4968000000 4.6541500000 1.6233300000 
11
1.5692400000 0.8062350000 2.3410300000 0.2104240000 1.3741700000 2.2434400000 2.1330700000 1.6874400000 3.0571800000 1.7714500000 2.4577700000 
11
1.5705400000 0.7853110000 -0.7905500000 0.0122348000 1.8454800000 1.6864400000 2.0205900000 1.6562900000 2.2656400000 0.9390680000 2.1107000000 
11
1.5683800000 -0.0135082000 1.9307500000 1.3258500000 2.0422500000 1.0482500000 1.8494900000 1.7035500000 2.2809700000 2.1251700000 2.9442700000
