6
0
6	-0.75375553563	0.09512347573	0.03558672928
6	0.45049705334	0.64817496026	0.08736566801
1	-1.57604845438	0.79760429133	0.16661386035
1	-1.04190810910	-0.93595815912	-0.11525748092
1	1.55806666630	0.14480049529	-0.02104576964
1	1.36314827529	-0.74974515037	-0.15326465735
6
1
6	-0.75371593422	0.09508338328	0.03557942333
6	0.45076381402	0.64769673233	0.08728456924
1	-1.57595364059	0.79762076361	0.16661374266
1	-1.04196169184	-0.93596401517	-0.11525681706
1	1.55809655892	0.14532789682	-0.02096530505
1	1.36277078953	-0.74976484775	-0.15325726338
6
2
6	-0.75366007107	0.09504794563	0.03557238055
6	0.45104508774	0.64717348025	0.08719612771
1	-1.57585306761	0.79763938326	0.16661379441
1	-1.04202147830	-0.93597467508	-0.11525671416
1	1.55812734928	0.14589850063	-0.02087820352
1	1.36236207579	-0.74978472158	-0.15324903526
6
3
6	-0.75360419912	0.09500643604	0.03556439773
6	0.45135577727	0.64660778682	0.08710032801
1	-1.57574404745	0.79765944878	0.16661383288
1	-1.04208612786	-0.93598490990	-0.11525640223
1	1.55815872126	0.14651682669	-0.02078375893
1	1.36191977172	-0.74980567532	-0.15324004773
6
4
6	-0.75354058991	0.09496351005	0.03555597819
6	0.45169070151	0.64599258470	0.08699622395
1	-1.57562638458	0.79768124919	0.16661389706
1	-1.04215661998	-0.93599667827	-0.11525615551
1	1.55819243614	0.14718750136	-0.02068130657
1	1.36144035265	-0.74982825392	-0.15323028738
6
5
6	-0.75347274828	0.09491649962	0.03554680757
6	0.45205509107	0.64532482703	0.08688320043
1	-1.57549890223	0.79770480706	0.16661395766
1	-1.04223301612	-0.93600884150	-0.11525579582
1	1.55822899377	0.14791566199	-0.02057006781
1	1.36092047761	-0.74985304109	-0.15321975230
6
6
6	-0.75339860783	0.09486627834	0.03553696306
6	0.45244974588	0.64459881465	0.08676035632
1	-1.57536094855	0.79773038408	0.16661403675
1	-1.04231595293	-0.93602191128	-0.11525538347
1	1.55826940558	0.14870689639	-0.02044920876
1	1.36035625367	-0.74988054908	-0.15320841417
6
7
6	-0.75331866234	0.09481202479	0.03552633145
6	0.45287810055	0.64380929351	0.08662678612
1	-1.57521158894	0.79775819453	0.16661414121
1	-1.04240589871	-0.93603567659	-0.11525487187
1	1.55831444009	0.14956740565	-0.02031779422
1	1.35974350517	-0.74991132878	-0.15319624296
6
8
6	-0.75323208182	0.09475372501	0.03551488724
6	0.45334280811	0.64294985526	0.08648142817
1	-1.57504994804	0.79778852718	0.16661429095
1	-1.04250350238	-0.93605029790	-0.11525426656
1	1.55836506326	0.15050406446	-0.02017479071
1	1.35907755668	-0.74994596090	-0.15318319937
6
9
6	-0.75313859461	0.09469096384	0.03550255855
6	0.45384740525	0.64201357745	0.08632311723
1	-1.57487501660	0.79782168336	0.16661450402
1	-1.04260942726	-0.93606575960	-0.11525354541
1	1.55842228704	0.15152454514	-0.02001904318
1	1.35835324202	-0.74998509708	-0.15316924149
6
10
6	-0.75303758665	0.09462350303	0.03548929122
6	0.45439555164	0.64099256474	0.08615053496
1	-1.57468572451	0.79785801102	0.16661480379
1	-1.04272443820	-0.93608212236	-0.11525269507
1	1.55848730128	0.15263743067	-0.01984926135
1	1.35756479227	-0.75002947399	-0.15315432382
6
11
6	-0.75292853705	0.09455100261	0.03547501784
6	0.45499145633	0.63987798971	0.08596220456
1	-1.57448088919	0.79789789671	0.16661521630
1	-1.04284937062	-0.93609939544	-0.11525169211
1	1.55856147030	0.15385235976	-0.01966399740
1	1.35670576605	-0.75007994025	-0.15313839946
6
12
6	-0.75281080777	0.09447315637	0.03545967297
6	0.45563974690	0.63865985836	0.08575645827
1	-1.57425922521	0.79794178105	0.16661577281
1	-1.04298515937	-0.93611759339	-0.11525051099
1	1.55864640231	0.15518018994	-0.01946162277
1	1.35576893896	-0.75013747921	-0.15312142056
6
13
6	-0.75268374359	0.09438963011	0.03544318625
6	0.45634562325	0.63732686491	0.08553141091
1	-1.57401932424	0.79799016567	0.16661651030
1	-1.04313284169	-0.93613670382	-0.11524911893
1	1.55874399472	0.15663319387	-0.01924029940
1	1.35474618738	-0.75020323763	-0.15310333939
6
14
6	-0.75254662213	0.09430009704	0.03542548640
6	0.45711489780	0.63586614862	0.08528492281
1	-1.57375964840	0.79804362738	0.16661747296
1	-1.04329357573	-0.93615669682	-0.11524747688
1	1.55885650033	0.15822529369	-0.01899794674
1	1.35362834395	-0.75027855680	-0.15308410880
6
15
6	-0.75239867389	0.09420423098	0.03540650118
6	0.45795408087	0.63426303888	0.08501455357
1	-1.57347851544	0.79810283308	0.16661871551
1	-1.04346865515	-0.93617751217	-0.11524553718
1	1.55898663244	0.15997233281	-0.01873219880
1	1.35240502698	-0.75036501047	-0.15306368455
6
16
6	-0.75223908279	0.09410171647	0.03538615824
6	0.45887052171	0.63250071906	0.08471751195
1	-1.57317408692	0.79816855835	0.16662030403
1	-1.04365952949	-0.93619905433	-0.11524324200
1	1.55913763574	0.16189241953	-0.01844035800
1	1.35106443757	-0.75046444597	-0.15304202449
6
17
6	-0.75206697271	0.09399226911	0.03536438845
6	0.45987250966	0.63055982049	0.08439058784
1	-1.57284435413	0.79824171128	0.16662231995
1	-1.04386782769	-0.93622118342	-0.11524052150
1	1.55931343066	0.16400633143	-0.01811933473
1	1.34959311004	-0.75057903579	-0.15301909029
6
18
6	-0.75188142527	0.09387564680	0.03534112786
6	0.46096944303	0.62841792832	0.08403007108
1	-1.57248712137	0.79832336072	0.16662486418
1	-1.04409538458	-0.93624369895	-0.11523729040
1	1.55951877237	0.16633801211	-0.01776557480
1	1.34797561164	-0.75071133589	-0.15299484820
6
19
6	-0.75168147834	0.09375167973	0.03531632245
6	0.46217201074	0.62604895701	0.08363164925
1	-1.57209999066	0.79841477324	0.16662806252
1	-1.04434427436	-0.93626632444	-0.11523344462
1	1.55975945469	0.16891518007	-0.01737497037
1	1.34619417376	-0.75086435251	-0.15296926949
6
20
6	-0.75146614019	0.09362030432	0.03528993380
6	0.46349242328	0.62342237268	0.08319027927
1	-1.57168034484	0.79851745914	0.16663207325
1	-1.04461684945	-0.93628868341	-0.11522885675
1	1.56004256797	0.17177008030	-0.01694274988
1	1.34422823906	-0.75104161992	-0.15294232996
6
21
6	-0.75123440458	0.09348161482	0.03526194744
6	0.46494469130	0.62050220301	0.08270002512
1	-1.57122533109	0.79863323182	0.16663709623
1	-1.04491578792	-0.93631026982	-0.11522336965
1	1.56037682939	0.17494041676	-0.01646334118
1	1.34205389871	-0.75124728349	-0.15291400823
6
22
6	-0.75098527630	0.09333593316	0.03523238450
6	0.46654496861	0.61724577637	0.08215385038
1	-1.57073184519	0.79876428437	0.16664338544
1	-1.04524415034	-0.93633040739	-0.11521678855
1	1.56077300748	0.17847051781	-0.01593020087
1	1.33964319156	-0.75148619121	-0.15288428118
6
23
6	-0.75071781059	0.09318390831	0.03520131793
6	0.46831197980	0.61360209472	0.08154335207
1	-1.57019651832	0.79891328878	0.16665126507
1	-1.04560544891	-0.93634819600	-0.11520887047
1	1.56124447065	0.18241279980	-0.01533560055
1	1.33696322319	-0.75176398250	-0.15285311432
6
24
6	-0.75043116859	0.09302665668	0.03516889545
6	0.47026755063	0.60950971650	0.08085841619
1	-1.56961570873	0.79908352684	0.16666115047
1	-1.04600373168	-0.93636243930	-0.11519931013
1	1.56180790146	0.18682961784	-0.01467035843
1	1.33397505274	-0.75208716545	-0.15282044382
6
25
6	-0.75012470116	0.09286596099	0.03513537184
6	0.47243727806	0.60489397469	0.08008677048
1	-1.56898550143	0.79927906322	0.16667357484
1	-1.04644368530	-0.93637154628	-0.11518772127
1	1.56248422880	0.19179561820	-0.01392350251
1	1.33063227685	-0.75246315771	-0.15278614364
6
26
6	-0.74979806816	0.09270455567	0.03510115512
6	0.47485137732	0.59966328628	0.07921339604
1	-1.56830172170	0.79950497630	0.16668922400
1	-1.04693076072	-0.93637339708	-0.11517361166
1	1.56329985114	0.19740074305	-0.01308184488
1	1.32687921794	-0.75290025111	-0.15274996890
6
27
6	-0.74945141069	0.09254653828	0.03506687316
6	0.47754577139	0.59370420408	0.07821974412
1	-1.56755996972	0.79976766854	0.16670898255
1	-1.04747132683	-0.93636515782	-0.11515634975
1	1.56428823665	0.20375408904	-0.01212943991
1	1.32264859501	-0.75340742901	-0.15271146044
6
28
6	-0.74908559115	0.09239796895	0.03503347025
6	0.48056350479	0.58687471368	0.07708268445
1	-1.56675568707	0.80007528679	0.16673399503
1	-1.04807285784	-0.93634302253	-0.11513512002
1	1.56549200865	0.21098888336	-0.01104689394
1	1.31785851845	-0.75399391716	-0.15266978603
6
29
6	-0.74870252252	0.09226775299	0.03500235088
6	0.48395667924	0.57899498993	0.07577304263
1	-1.56588426355	0.80043830214	0.16676575533
1	-1.04874416514	-0.93630184361	-0.11510886161
1	1.56696556333	0.21926898404	-0.00981045195
1	1.31240860446	-0.75466827239	-0.15262348555
6
30
6	-0.74830557272	0.09216896059	0.03497559186
6	0.48778910824	0.56983452680	0.07425357116
1	-1.56494119371	0.80087031711	0.16680623068
1	-1.04949568363	-0.93623459857	-0.11507618277
1	1.56877828055	0.22879740072	-0.00839080170
1	1.30617495710	-0.75543669355	-0.15257005950
6
31
6	-0.74790005732	0.09212076719	0.03495625427
6	0.49214004047	0.55909415557	0.07247610103
1	-1.56392227518	0.80138919026	0.16685803903
1	-1.05033981671	-0.93613159905	-0.11503523910
1	1.57101826300	0.23982740154	-0.00675149658
1	1.29900374156	-0.75630000240	-0.15250530891
6
32
6	-0.74749360265	0.09215135126	0.03494883860
6	0.49710907974	0.54638125707	0.07037760633
1	-1.56282384061	0.80201857037	0.16692469530
1	-1.05129133756	-0.93597936162	-0.11498356131
1	1.57379641539	0.25267660414	-0.00484692508
1	1.29070318152	-0.75724850811	-0.15242230412
6
33
6	-0.74709626880	0.09230192926	0.03495991864
6	0.50282296164	0.53117625032	0.06787479613
1	-1.56164288460	0.80278996837	0.16701095667
1	-1.05236781953	-0.93575891467	-0.11491779348
1	1.57724974028	0.26774408629	-0.00261972744
1	1.28103416682	-0.75825340646	-0.15230980080
6
34
6	-0.74671926717	0.09263224176	0.03499896967
6	0.50944522579	0.51278883684	0.06485696180
1	-1.56037672859	0.80374555437	0.16712327424
1	-1.05359015131	-0.93544332460	-0.11483328701
1	1.58154008553	0.28552988167	0.00000237070
1	1.26970073158	-0.75925327693	-0.15214993967
6
35
6	-0.74636976936	0.09322681566	0.03507921678
6	0.51718881248	0.49030837453	0.06117785606
1	-1.55902127049	0.80494164198	0.16727027217
1	-1.05498314378	-0.93499412931	-0.11472348726
1	1.58684087190	0.30665207471	0.00310970848
1	1.25634439508	-0.76013486446	-0.15191521650
6
36
6	-0.74603609678	0.09419847673	0.03521780634
6	0.52632618059	0.46257226665	0.05665041954
1	-1.55756566448	0.80645205993	0.16746306799
1	-1.05657625200	-0.93435663615	-0.11457909862
1	1.59329831393	0.33184574014	0.00681178292
1	1.24055341458	-0.76071199420	-0.15156562844
6
37
6	-0.74565256685	0.09567808634	0.03543323551
6	0.53718759458	0.42822153388	0.05105584557
1	-1.55597855838	0.80836958187	0.16771492334
1	-1.05840524477	-0.93345442684	-0.11438713635
1	1.60093381303	0.36190896477	0.01123137432
1	1.22191485821	-0.76072382691	-0.15104989265
6
38
6	-0.74502447620	0.09776490618	0.03573544025
6	0.55011306573	0.38602678037	0.04419690328
1	-1.55417816961	0.81079920036	0.16803904537
1	-1.06051617718	-0.93218666886	-0.11413059126
1	1.60943595584	0.39751176971	0.01647958545
1	1.20016969725	-0.75991607465	-0.15032203335
6
39
6	-0.74370374894	0.10039579814	0.03610242867
6	0.56525794838	0.33584109859	0.03604649638
1	-1.55197984470	0.81382814035	0.16844352335
1	-1.06297191560	-0.93043893254	-0.11378987943
1	1.61782845899	0.43872098479	0.02259423150
1	1.17556899769	-0.75834717623	-0.14939845074
6
40
6	-0.74091129532	0.10313264420	0.03644543230
6	0.58208974882	0.28048115520	0.02705028468
1	-1.54903455120	0.81745518697	0.16891949380
1	-1.06585610784	-0.92812481254	-0.11334992568
1	1.62420159087	0.48419262552	0.02942248597
1	1.14951051049	-0.75713688624	-0.14848942133
6
41
6	-0.73585597519	0.10510389895	0.03660909280
6	0.59871538706	0.22750331212	0.01842481022
1	-1.54483207994	0.82148745016	0.16942317731
1	-1.06924515410	-0.92527006291	-0.11281377685
1	1.62609041185	0.53056520326	0.03651407431
1	1.12512730615	-0.75938988847	-0.14815902806
6
42
6	-0.72870777229	0.10558667241	0.03648795913
6	0.61234926767	0.18662499523	0.01174409591
1	-1.53889135199	0.82551904132	0.16987806471
1	-1.07311368354	-0.92208099559	-0.11221425814
1	1.62199367307	0.57353286409	0.04324747411
1	1.10636976290	-0.76918266435	-0.14914498598
6
43
6	-0.72109143303	0.10482160192	0.03616335239
6	0.62222685403	0.16099899296	0.00751566190
1	-1.53114358222	0.82915757233	0.17022168411
1	-1.07725301226	-0.91887295520	-0.11160499195
1	1.61262497717	0.61050826136	0.04920464278
1	1.09463609214	-0.78661356026	-0.15150199950
6
44
6	-0.71430718250	0.10356961126	0.03578709460
6	0.62994377358	0.14476931082	0.00479389458
1	-1.52210849712	0.83237642677	0.17046470747
1	-1.08139773823	-0.91588067088	-0.11102867132
1	1.60017148720	0.64162615294	0.05434586594
1	1.08769805289	-0.80646091781	-0.15436454154
6
45
6	-0.70823821243	0.10212199745	0.03539996701
6	0.63629123608	0.13238523891	0.00270392808
1	-1.51244518365	0.83542222947	0.17066373046
1	-1.08541982727	-0.91317886721	-0.11050064405
1	1.58648029622	0.66805378979	0.05879851639
1	1.08333158686	-0.82480447530	-0.15706714817
6
46
6	-0.70276871731	0.10045872369	0.03499541548
6	0.64157280337	0.12190010416	0.00093937412
1	-1.50251642457	0.83844869048	0.17085256581
1	-1.08930700354	-0.91076470583	-0.11002128147
1	1.57242579615	0.69070317044	0.06267766358
1	1.08059344173	-0.84074606983	-0.15944538778
6
47
6	-0.69787093158	0.09857935928	0.03457269630
6	0.64596916694	0.11274722300	-0.00059191470
1	-1.49250981389	0.84150930494	0.17104467998
1	-1.09308909096	-0.90864770397	-0.10959134775
1	1.55843002716	0.71023363140	0.06607298624
1	1.07907053815	-0.85442190154	-0.16150875034
6
48
6	-0.69352120103	0.09651917592	0.03413681645
6	0.64962351469	0.10466454987	-0.00193548183
1	-1.48254446051	0.84461524233	0.17124510363
1	-1.09679886438	-0.90683481059	-0.10921078342
1	1.54473511731	0.72716704624	0.06905877267
1	1.07850578974	-0.86613129067	-0.16329607777
6
49
6	-0.68968404719	0.09431950140	0.03369336061
6	0.65265587949	0.09747183561	-0.00312382725
1	-1.47270546302	0.84776133736	0.17145538571
1	-1.10046167250	-0.90531863788	-0.10887742777
1	1.53148638553	0.74192870355	0.07169726038
1	1.07870881350	-0.87616282693	-0.16484640195
6
50
6	-0.68631686249	0.09201819073	0.03324710511
6	0.65516819284	0.09102833756	-0.00418256174
1	-1.46305440865	0.85093450076	0.17167518732
1	-1.10409477571	-0.90407945139	-0.10858747117
1	1.51876701775	0.75486649014	0.07404034382
1	1.07953073209	-0.88476815468	-0.16619425361
6
51
6	-0.68337391571	0.08964799724	0.03280188565
6	0.65724601358	0.08522052478	-0.00513227594
1	-1.45363495000	0.85411761492	0.17190304562
1	-1.10770877244	-0.90309002573	-0.10833619858
1	1.50661892845	0.76626527047	0.07613116208
1	1.08085259195	-0.89216146857	-0.16736926911
6
52
6	-0.68080977042	0.08723673012	0.03236073493
6	0.65896101273	0.07995580186	-0.00598957617
1	-1.44447687065	0.85729191820	0.17213686188
1	-1.11130911920	-0.90231962972	-0.10811858135
1	1.49505658041	0.77635862761	0.07800551410
1	1.08257806296	-0.89852353495	-0.16839660366
6
53
6	-0.67858101972	0.08480769578	0.03192601727
6	0.66037292774	0.07515811602	-0.00676784256
1	-1.43559943584	0.86043872095	0.17237426514
1	-1.11489745987	-0.90173682783	-0.10792968207
1	1.48407653917	0.78533863738	0.07969310542
1	1.08462834434	-0.90400642919	-0.16929751347
6
54
6	-0.67664741640	0.08238024393	0.03149956629
6	0.66153165966	0.07076460096	-0.00747790095
1	-1.42701401861	0.86354054752	0.17261286273
1	-1.11847271903	-0.90131131706	-0.10776489482
1	1.47366395547	0.79336384071	0.08121864397
1	1.08693843473	-0.90873800294	-0.17008992748
6
55
6	-0.67497224918	0.07997018063	0.03108277368
6	0.66247890134	0.06672294318	-0.00812861222
1	-1.41872616895	0.86658187753	0.17285041079
1	-1.12203195849	-0.90101496344	-0.10762004820
1	1.46379701179	0.80056573103	0.08260279191
1	1.08945435931	-0.91282585582	-0.17078896624
6
56
6	-0.67352249369	0.07759027971	0.03067668073
6	0.66324956201	0.06298934140	-0.00872734115
1	-1.41073714337	0.86954949902	0.17308490763
1	-1.12557106031	-0.90082241093	-0.10749144809
1	1.45444995482	0.80705395033	0.08386294740
1	1.09213107635	-0.91636074641	-0.17140739679
6
57
6	-0.67226871826	0.07525068688	0.03028203773
6	0.66387287349	0.05952691908	-0.00928029271
1	-1.40304506658	0.87243262854	0.17331464184
1	-1.12908523455	-0.90071130890	-0.10737587740
1	1.44559517772	0.81292043450	0.08501386225
1	1.09493086399	-0.91941944699	-0.17195602197
6
58
6	-0.67118493138	0.07295930394	0.02989935635
6	0.66437335624	0.05630447552	-0.00979274795
1	-1.39564578989	0.87522284849	0.17353820449
1	-1.13256939660	-0.90066232020	-0.10727057779
1	1.43720460847	0.81824269979	0.08606812145
1	1.09782204898	-0.92206709442	-0.17244400682
6
59
6	-0.67024829404	0.07072213092	0.02952894793
6	0.66477155954	0.05329549371	-0.01026922699
1	-1.38853353435	0.87791394437	0.17375448186
1	-1.13601844366	-0.90065899058	-0.10717321987
1	1.42925061388	0.82308645993	0.08703651794
1	1.10077799444	-0.92435912523	-0.17287915114
6
60
6	-0.66943886826	0.06854357634	0.02917096068
6	0.66508474713	0.05047734192	-0.01071361478
1	-1.38170136363	0.88050167481	0.17396263288
1	-1.13942744662	-0.90068752957	-0.10708186575
1	1.42170655055	0.82750770694	0.08792835008
1	1.10377627665	-0.92634285732	-0.17326811339
6
61
6	-0.66873929787	0.06642672602	0.02882541002
6	0.66532740838	0.04783062526	-0.01112925945
1	-1.37514154045	0.88298352229	0.17416206030
1	-1.14279178110	-0.90073655148	-0.10699492805
1	1.41454709100	0.83155438655	0.08875166292
1	1.10679801585	-0.92805879554	-0.17361659601
6
62
6	-0.66813453018	0.06437357831	0.02849220558
6	0.66551171550	0.04533865734	-0.01151905498
1	-1.36884579123	0.88535843538	0.17435237821
1	-1.14610720818	-0.90079679687	-0.10691112669
1	1.40774838687	0.83526774407	0.08951344507
1	1.10982732306	-0.92954170512	-0.17392949746
6
63
6	-0.66761153553	0.06238524512	0.02817117423
6	0.66564788827	0.04298702551	-0.01188550925
1	-1.36280550656	0.88762658394	0.17453337949
1	-1.14936992027	-0.90086085699	-0.10682944726
1	1.40128812744	0.83868341708	0.09021979065
1	1.11285084248	-0.93082150156	-0.17421103812
6
64
6	-0.66715906249	0.06046212488	0.02786207925
6	0.66574450791	0.04076323087	-0.01223080295
1	-1.35701189180	0.88978913267	0.17470500491
1	-1.15257655939	-0.90092291300	-0.10674910111
1	1.39514553235	0.84183232722	0.09087603427
1	1.11585736924	-0.93192398952	-0.17446486465
6
65
6	-0.66676740023	0.05860404320	0.02756463645
6	0.66580876767	0.03865638938	-0.01255683872
1	-1.35145608430	0.89184804072	0.17486731498
1	-1.15572421825	-0.90097849320	-0.10666948930
1	1.38930130098	0.84474141205	0.09148686297
1	1.11883752994	-0.93287147904	-0.17469413664
6
66
6	-0.66642817519	0.05681038624	0.02727852953
6	0.66584669839	0.03665698404	-0.01286528241
1	-1.34612924067	0.89380588379	0.17502046481
1	-1.15881043570	-0.90102426769	-0.10659017229
1	1.38373753537	0.84743422726	0.09205640900
1	1.12178351363	-0.93368330054	-0.17490159892
6
67
6	-0.66613419649	0.05508016088	0.02700341412
6	0.66586335001	0.03475665990	-0.01315759796
1	-1.34102260494	0.89566570657	0.17516468341
1	-1.16183315020	-0.90105781974	-0.10651083588
1	1.37843765335	0.84993144588	0.09258832869
1	1.12468884409	-0.93437624038	-0.17508964266
6
68
6	-0.66587925229	0.05341213002	0.02673893430
6	0.66586293015	0.03294804596	-0.01343507623
1	-1.33612756041	0.89743089024	0.17530025423
1	-1.16479070481	-0.90107752597	-0.10643127387
1	1.37338629393	0.85225127609	0.09308586767
1	1.12754818925	-0.93496490323	-0.17526035638
6
69
6	-0.66565801145	0.05180484756	0.02648472518
6	0.66584896055	0.03122461661	-0.01369885939
1	-1.33143566849	0.89910505011	0.17542750066
1	-1.16768180248	-0.90108238617	-0.10635136364
1	1.36856922138	0.85440980562	0.09355191577
1	1.13035719630	-0.93546202062	-0.17541556885
6
70
6	-0.66546587704	0.05025671926	0.02624041851
6	0.66582436096	0.02958056566	-0.01394996177
1	-1.32693870007	0.90069194900	0.17554677352
1	-1.17050547977	-0.90107190633	-0.10627104935
1	1.36397323770	0.85642129762	0.09398905439
1	1.13311235404	-0.93587871211	-0.17555688558
6
71
6	-0.66529890300	0.04876604908	0.02600564749
6	0.66579156017	0.02801070584	-0.01418928642
1	-1.32262865404	0.90219542359	0.17565844048
1	-1.17326107560	-0.90104599424	-0.10619032749
1	1.35958609473	0.85829843519	0.09439959527
1	1.13581087355	-0.93622470636	-0.17568571961
6
72
6	-0.66515368947	0.04733107385	0.02578004947
6	0.66575256224	0.02651038201	-0.01441764079
1	-1.31849777450	0.90361932989	0.17576287812
1	-1.17594820337	-0.90100487342	-0.10610923454
1	1.35539641381	0.86005253106	0.09478561519
1	1.13845058711	-0.93650853027	-0.17580331772
6
73
6	-0.66502731387	0.04594999270	0.02556326860
6	0.66570902007	0.02507539793	-0.01463574899
1	-1.31453855969	0.90496749687	0.17586046523
1	-1.17856672242	-0.90094900979	-0.10602783702
1	1.35139361111	0.86169370467	0.09514898448
1	1.14102986061	-0.93673766928	-0.17591078257
6
74
6	-0.66491725763	0.04462099177	0.02535495781
6	0.66566228376	0.02370195658	-0.01484426173
1	-1.31074376765	0.90624369053	0.17595157756
1	-1.18111671261	-0.90087905251	-0.10594622345
1	1.34756782987	0.86323103333	0.09549139167
1	1.14354752008	-0.93691870659	-0.17600909213
6
75
6	-0.66482136101	0.04334225478	0.02515477887
6	0.66561346020	0.02238660797	-0.01504376465
1	-1.30710642187	0.90745159181	0.17603658420
1	-1.18359844795	-0.90079578074	-0.10586449667
1	1.34390987767	0.86467268299	0.09581436522
1	1.14600278878	-0.93705744370	-0.17609911723
6
76
6	-0.66473775608	0.04211198869	0.02496240533
6	0.66556344979	0.02112618489	-0.01523479380
1	-1.30361980868	0.90859476996	0.17611584507
1	-1.18601237681	-0.90070006926	-0.10578277047
1	1.34041117013	0.86602601920	0.09611929243
1	1.14839521746	-0.93715898037	-0.17618162883
6
77
6	-0.66466483225	0.04092842532	0.02477752123
6	0.66551296807	0.01991780457	-0.01541783114
1	-1.30027747545	0.90967667132	0.17618970777
1	-1.18835909925	-0.90059285025	-0.10570116346
1	1.33706367785	0.86729769823	0.09640743416
1	1.15072465686	-0.93722783609	-0.17625731882
6
78
6	-0.66460120652	0.03978983484	0.02459982252
6	0.66546259133	0.01875880737	-0.01559331719
1	-1.29707322745	0.91070060798	0.17625850628
1	-1.19063934758	-0.90047508807	-0.10561979610
1	1.33385988186	0.86849375444	0.09667993981
1	1.15299120417	-0.93726800345	-0.17632680559
6
79
6	-0.66454568222	0.03869453221	0.02442901708
6	0.66541277244	0.01764673990	-0.01576165453
1	-1.29400112357	0.91166975133	0.17632256004
1	-1.19285397039	-0.90034775951	-0.10553878819
1	1.33079273023	0.86961966817	0.09693785909
1	1.15519516933	-0.93728301898	-0.17639064376
6
80
6	-0.66449722437	0.03764087165	0.02426482329
6	0.66536386066	0.01657932140	-0.01592321291
1	-1.29105547230	0.91258713389	0.17638217403
1	-1.19500391410	-0.90021183219	-0.10545825629
1	1.32785560361	0.87068043372	0.09718215307
1	1.15733704233	-0.93727601535	-0.17644933145
6
81
6	-0.66445494270	0.03662726453	0.02410697233
6	0.66531612851	0.01555443792	-0.01607833214
1	-1.28823082108	0.91345563972	0.17643763715
1	-1.19709021162	-0.90006825769	-0.10537831281
1	1.32504227517	0.87168060370	0.09741370262
1	1.15941746755	-0.93724977507	-0.17650331742
6
82
6	-0.66441806242	0.03565217168	0.02395520606
6	0.66526977492	0.01457011630	-0.01622732611
1	-1.28552195222	0.91427801085	0.17648922316
1	-1.19911396759	-0.89991795792	-0.10529906429
1	1.32234688414	0.87262434201	0.09763331735
1	1.16143721899	-0.93720676981	-0.17655300644
6
83
6	-0.66438591378	0.03471410660	0.02380927732
6	0.66522494543	0.01362451142	-0.01637048566
1	-1.28292387508	0.91505684775	0.17653719056
1	-1.20107634667	-0.89976181790	-0.10522061063
1	1.31976390655	0.87351546249	0.09784174239
1	1.16339717936	-0.93714919725	-0.17659876425
6
84
6	-0.66435791550	0.03381163639	0.02366894971
6	0.66518173853	0.01271589389	-0.01650808091
1	-1.28043181685	0.91579461227	0.17658178280
1	-1.20297856323	-0.89960068107	-0.10514304468
1	1.31728813031	0.87435746529	0.09803966485
1	1.16529832256	-0.93707901366	-0.17664092204
6
85
6	-0.66433356200	0.03294338229	0.02353399722
6	0.66514021527	0.01184263972	-0.01664036347
1	-1.27804121532	0.91649363186	0.17662322869
1	-1.20482187196	-0.89943534637	-0.10506645184
1	1.31491463216	0.87515356755	0.09822771936
1	1.16714169768	-0.93699796194	-0.17667978023
6
86
6	-0.66431241336	0.03210801688	0.02340420362
6	0.66510040772	0.01100321936	-0.01676756842
1	-1.27574771121	0.91715610531	0.17666174313
1	-1.20660755914	-0.89926656513	-0.10499090993
1	1.31263875706	0.87590673175	0.09840649303
1	1.16892841474	-0.93690759505	-0.17671561170
6
87
6	-0.66429408716	0.03130426293	0.02327936201
6	0.66506232566	0.01019618814	-0.01688991628
1	-1.27354714025	0.91778410802	0.17669752772
1	-1.20833693472	-0.89909503977	-0.10491648913
1	1.31045609998	0.87661969080	0.09857652993
1	1.17065963232	-0.93680929701	-0.17674866451
6
88
6	-0.66427824788	0.03053089109	0.02315927418
6	0.66502595891	0.00942017816	-0.01700761490
1	-1.27143552553	0.91837959785	0.17673077151
1	-1.21001132576	-0.89892142316	-0.10484325200
1	1.30836248894	0.87729496985	0.09873833515
1	1.17233654713	-0.93670430068	-0.17677916421
6
89
6	-0.66426460010	0.02978672208	0.02304375076
6	0.66499127963	0.00867389691	-0.01712085891
1	-1.26940906804	0.91894441795	0.17676165089
1	-1.21163207085	-0.89874632019	-0.10477125373
1	1.30635396891	0.87793490378	0.09889237783
1	1.17396038627	-0.93659370742	-0.17680731711
6
90
6	-0.66425288819	0.02907062482	0.02293261081
6	0.66495825149	0.00795611842	-0.01722983241
1	-1.26746413899	0.91948030283	0.17679033062
1	-1.21320051424	-0.89857028860	-0.10470054244
1	1.30442678751	0.87854165465	0.09903909452
1	1.17553239823	-0.93647849902	-0.17683331137
6
91
6	-0.66424288690	0.02838151262	0.02282568113
6	0.66492682889	0.00726567818	-0.01733470952
1	-1.26559727346	0.91998888571	0.17681696461
1	-1.21471800118	-0.89839384026	-0.10463115951
1	1.30257738269	0.87911722783	0.09917889201
1	1.17705384578	-0.93635955097	-0.17685731899
6
92
6	-0.66423439875	0.02771834135	0.02272279588
6	0.66489696063	0.00660146854	-0.01743565534
1	-1.26380516269	0.92047170397	0.17684169659
1	-1.21618587363	-0.89821744289	-0.10456313989
1	1.30080237048	0.87966348551	0.09931214977
1	1.17852599977	-0.93623764337	-0.17687949729
6
93
6	-0.66422724911	0.02708011063	0.02262379655
6	0.66486859058	0.00596243484	-0.01753282657
1	-1.26208464706	0.92093020245	0.17686466038
1	-1.21760546692	-0.89804152231	-0.10449651249
1	1.29909853433	0.88018215871	0.09943922225
1	1.17995013401	-0.93611347122	-0.17689999039
6
94
6	-0.66422128440	0.02646585882	0.02252853114
6	0.66484166019	0.00534757220	-0.01762637222
1	-1.26043270928	0.92136574071	0.17688598079
1	-1.21897810610	-0.89786646382	-0.10443130041
1	1.29746281480	0.88067485825	0.09956044082
1	1.18132752061	-0.93598765305	-0.17691893039
6
95
6	-0.66421636865	0.02587466341	0.02243685417
6	0.66481610896	0.00475592200	-0.01771643416
1	-1.25884646764	0.92177959696	0.17690577408
1	-1.22030510340	-0.89769261518	-0.10436752153
1	1.29589230046	0.88114308469	0.09967611565
1	1.18265942609	-0.93586073877	-0.17693643849
6
96
6	-0.66421238169	0.02530563899	0.02234862628
6	0.66479187599	0.00418656903	-0.01780314764
1	-1.25732316969	0.92217297288	0.17692414846
1	-1.22158775580	-0.89752028840	-0.10430518874
1	1.29438421914	0.88158823722	0.09978653734
1	1.18394710788	-0.93573321661	-0.17695262596
6
97
6	-0.66420921701	0.02475793568	0.02226371393
6	0.66476890028	0.00363863899	-0.01788664181
1	-1.25586018624	0.92254699823	0.17694120460
1	-1.22282734273	-0.89734976208	-0.10424431038
1	1.29293593015	0.88201162167	0.09989197843
1	1.18519181137	-0.93560551938	-0.17696759503
6
98
6	-0.66420678004	0.02423073766	0.02218198915
6	0.66474712166	0.00311129590	-0.01796704007
1	-1.25445500556	0.92290273522	0.17695703620
1	-1.22402512444	-0.89718128355	-0.10418489057
1	1.29154491681	0.88241445785	0.09999269470
1	1.18639476739	-0.93547802996	-0.17698143968
6
99
6	-0.66420498679	0.02372326181	0.02210332924
6	0.66472648155	0.00260374000	-0.01804446045
1	-1.25310522779	0.92324118257	0.17697173039
1	-1.22518234040	-0.89701507107	-0.10412692959
1	1.29020877927	0.88279788614	0.10008892650
1	1.18755718998	-0.93535108634	-0.17699424635
6
100
6	-0.66420376222	0.02323475610	0.02202761649
6	0.66470692156	0.00211520565	-0.01811901595
1	-1.25180855975	0.92356327935	0.17698536817
1	-1.22630020795	-0.89685131589	-0.10407042418
1	1.28892522944	0.88316297386	0.10018089983
1	1.18868027474	-0.93522498597	-0.17700609463
6
101
6	-0.66420304027	0.02276449850	0.02195473807
6	0.66468838682	0.00164495970	-0.01819081478
1	-1.25056280976	0.92386990872	0.17699802487
1	-1.22737992132	-0.89669018417	-0.10401536794
1	1.28769208332	0.88351072007	0.10026882725
1	1.18976519703	-0.93509998971	-0.17701705774
6
102
6	-0.66420276105	0.02231179555	0.02188458565
6	0.66467082332	0.00119229974	-0.01825996069
1	-1.24936588296	0.92416190146	0.17700977047
1	-1.22842265077	-0.89653181905	-0.10396175152
1	1.28650725636	0.88384206111	0.10035290903
1	1.19081311091	-0.93497632570	-0.17702720320
6
103
6	-0.66420287171	0.02187598127	0.02181705531
6	0.66465417983	0.00075655226	-0.01832655326
1	-1.24821577661	0.92444003907	0.17702067002
1	-1.22942954176	-0.89637634227	-0.10390956299
1	1.28536875809	0.88415787505	0.10043333388
1	1.19182514798	-0.93485419227	-0.17703659323
6
104
6	-0.66420332468	0.02145641589	0.02175204729
6	0.66463840682	0.00033707146	-0.01839068801
1	-1.24711057580	0.92470505697	0.17703078395
1	-1.23040171450	-0.89622385607	-0.10385878811
1	1.28427468737	0.88445898591	0.10051027975
1	1.19280241661	-0.93473376104	-0.17704528515
6
105
6	-0.66420407762	0.02105248477	0.02168946580
6	0.66462345733	-0.00006676221	-0.01845245665
1	-1.24604844925	0.92495764732	0.17704016842
1	-1.23134026349	-0.89607444469	-0.10380941054
1	1.28322322764	0.88474616742	0.10058391456
1	1.19374600121	-0.93461517950	-0.17705333187
6
106
6	-0.66420509248	0.02066359737	0.02162921886
6	0.66460928640	-0.00045554325	-0.01851194732
1	-1.24502764543	0.92519846177	0.17704887558
1	-1.23224625727	-0.89592817599	-0.10376141212
1	1.28221264280	0.88502014660	0.10065439690
1	1.19465696179	-0.93449857339	-0.17706078217
6
107
6	-0.66420633529	0.02028918620	0.02157121812
6	0.66459585145	-0.00082984232	-0.01856924466
1	-1.24404648873	0.92542811395	0.17705695388
1	-1.23312073824	-0.89578510284	-0.10371477309
1	1.28124127308	0.88528160698	0.10072187657
1	1.19553633355	-0.93438404886	-0.17706768109
6
108
6	-0.66420777554	0.01992870587	0.02151537871
6	0.66458311193	-0.00119020743	-0.01862443008
1	-1.24310337597	0.92564718191	0.17706444833
1	-1.23396472254	-0.89564526447	-0.10366947227
1	1.28030753131	0.88553119165	0.10078649523
1	1.19638512663	-0.93427169442	-0.17707407018
6
109
6	-0.66420938593	0.01958163216	0.02146161907
6	0.66457102950	-0.00153716471	-0.01867758182
1	-1.24219677298	0.92585621030	0.17707140071
1	-1.23477920014	-0.89550868779	-0.10362548725
1	1.27940989934	0.88576950585	0.10084838686
1	1.19720432602	-0.93416158270	-0.17707998784
6
110
6	-0.66421114196	0.01924746118	0.02140986085
6	0.66455956783	-0.00187121968	-0.01872877513
1	-1.24132521134	0.92605571246	0.17707784983
1	-1.23556513483	-0.89537538846	-0.10358279459
1	1.27854692466	0.88599711964	0.10090767827
1	1.19799489146	-0.93405377202	-0.17708546950
6
111
6	-0.66421302164	0.01892570844	0.02136002873
6	0.66454869246	-0.00219285802	-0.01877808242
1	-1.24048728540	0.92624617242	0.17708383174
1	-1.23632346447	-0.89524537207	-0.10354136998
1	1.27771721733	0.88621457022	0.10096448956
1	1.19875775753	-0.93394830788	-0.17709054789
6
112
6	-0.66421500539	0.01861590813	0.02131205033
6	0.66453837094	-0.00250254659	-0.01882557336
1	-1.23968164932	0.92642804669	0.17708937988
1	-1.23705510112	-0.89511863505	-0.10350118836
1	1.27691944691	0.88642236407	0.10101893450
1	1.19949383379	-0.93384522414	-0.17709525326
6
113
6	-0.66421707553	0.01831761241	0.02126585602
6	0.66452857269	-0.00280073376	-0.01887131493
1	-1.23890701437	0.92660176591	0.17709452536
1	-1.23776093140	-0.89499516573	-0.10346222409
1	1.27615233956	0.88662097893	0.10107112093
1	1.20020400487	-0.93374454466	-0.17709961356
6
114
6	-0.66421921622	0.01803039055	0.02122137887
6	0.66451926873	-0.00308785087	-0.01891537167
1	-1.23816214625	0.92676773659	0.17709929704
1	-1.23844181664	-0.89487494509	-0.10342445106
1	1.27541467551	0.88681086573	0.10112115115
1	1.20088913069	-0.93364628381	-0.17710365460
6
115
6	-0.66422141335	0.01775382829	0.02117855453
6	0.66451043176	-0.00336431257	-0.01895780566
1	-1.23744586263	0.92692634249	0.17710372170
1	-1.23909859341	-0.89475794760	-0.10338784277
1	1.27470528653	0.88699245025	0.10116912220
1	1.20155004691	-0.93355044775	-0.17710740026
6
116
6	-0.66422365428	0.01748752719	0.02113732109
6	0.66450203613	-0.00363051744	-0.01899867670
1	-1.23675703075	0.92707794605	0.17710782423
1	-1.23973207379	-0.89464414199	-0.10335237250
1	1.27402305345	0.88716613470	0.10121512622
1	1.20218756507	-0.93345703540	-0.17711087260
6
117
6	-0.66422592767	0.01723110401	0.02109761906
6	0.66449405759	-0.00388684897	-0.01903804237
1	-1.23609456524	0.92722288972	0.17711162772
1	-1.24034304581	-0.89453349187	-0.10331801337
1	1.27336690392	0.88733229930	0.10125925070
1	1.20280247304	-0.93336603906	-0.17711409201
6
118
6	-0.66422822344	0.01698419003	0.02105939116
6	0.66448647325	-0.00413367580	-0.01907595805
1	-1.23545742589	0.92736149714	0.17711515364
1	-1.24093227387	-0.89442595639	-0.10328473841
1	1.27273581034	0.88749130343	0.10130157875
1	1.20339553543	-0.93327744530	-0.17711707736
6
119
6	-0.66423053261	0.01674643058	0.02102258235
6	0.66447926162	-0.00437135264	-0.01911247713
1	-1.23484461568	0.92749407432	0.17711842189
1	-1.24150049920	-0.89432149079	-0.10325252068
1	1.27212878776	0.88764348717	0.10134218937
1	1.20396749393	-0.93319123554	-0.17711984606
6
120
6	-0.66423284718	0.01651748440	0.02098713963
6	0.66447240244	-0.00460022069	-0.01914765098
1	-1.23425517883	0.92762091067	0.17712145095
1	-1.24204844034	-0.89422004693	-0.10322133328
1	1.27154489197	0.88778917234	0.10138115766
1	1.20451906777	-0.93310738669	-0.17712241426
6
121
6	-0.66423516004	0.01629702314	0.02095301202
6	0.66446587662	-0.00482060821	-0.01918152909
1	-1.23368819901	0.92774228006	0.17712425803
1	-1.24257679361	-0.89412157378	-0.10319114947
1	1.27098321767	0.88792866367	0.10141855509
1	1.20505095419	-0.93302587176	-0.17712479685
6
122
6	-0.66423746490	0.01608473085	0.02092015048
6	0.66445966619	-0.00503283101	-0.01921415914
1	-1.23314279749	0.92785844167	0.17712685904
1	-1.24308623359	-0.89402601785	-0.10316194267
1	1.27044289674	0.88806224977	0.10145444964
1	1.20556382887	-0.93294666032	-0.17712700763
6
123
6	-0.66423975622	0.01588030352	0.02088850781
6	0.66445375424	-0.00523719298	-0.01924558702
1	-1.23261813157	0.92796964092	0.17712926881
1	-1.24357741364	-0.89393332356	-0.10313368655
1	1.26992309658	0.88819020415	0.10148890603
1	1.20605834643	-0.93286971894	-0.17712905934
6
124
6	-0.66424202910	0.01568344856	0.02085803860
6	0.66444812483	-0.00543398653	-0.01927585695
1	-1.23211339295	0.92807611028	0.17713150107
1	-1.24405096639	-0.89384343365	-0.10310635508
1	1.26942301854	0.88831278611	0.10152198590
1	1.20653514090	-0.93279501166	-0.17713096380
6
125
6	-0.66424427928	0.01549388442	0.02082869917
6	0.66444276306	-0.00562349363	-0.01930501151
1	-1.23162780617	0.92817807006	0.17713356859
1	-1.24450750429	-0.89375628941	-0.10307992253
1	1.26894189635	0.88843024202	0.10155374796
1	1.20699482616	-0.93272250035	-0.17713273194
6
126
6	-0.66424650287	0.01531134003	0.02080044744
6	0.66443765460	-0.00580598410	-0.01933309167
1	-1.23116062736	0.92827572902	0.17713548322
1	-1.24494762004	-0.89367183119	-0.10305436353
1	1.26847899484	0.88854280449	0.10158424812
1	1.20743799664	-0.93265214513	-0.17713437384
6
127
6	-0.66424869677	0.01513555465	0.02077324295
6	0.66443278627	-0.00598171902	-0.01936013701
1	-1.23071114271	0.92836928511	0.17713725595
1	-1.24537188709	-0.89358999847	-0.10302965307
1	1.26803360869	0.88865069512	0.10161353973
1	1.20786522744	-0.93258390428	-0.17713589882
6
128
6	-0.66425085810	0.01496627723	0.02074704675
6	0.66442814543	-0.00615094924	-0.01938618562
1	-1.23027866722	0.92845892613	0.17713889702
1	-1.24578086026	-0.89351073016	-0.10300576656
1	1.26760506087	0.88875412417	0.10164167365
1	1.20827707511	-0.93251773502	-0.17713731551
6
129
6	-0.66425298449	0.01480326612	0.02072182133
6	0.66442372025	-0.00631391622	-0.01941127412
1	-1.22986254345	0.92854483030	0.17714041590
1	-1.24617507614	-0.89343396484	-0.10298267984
1	1.26719270157	0.88885329132	0.10166869837
1	1.20867407807	-0.93245359358	-0.17713863191
6
130
6	-0.66425507389	0.01464628874	0.02069753062
6	0.66441949960	-0.00647085238	-0.01943543783
1	-1.22946214035	0.92862716677	0.17714182140
1	-1.24655505364	-0.89335964096	-0.10296036921
1	1.26679590700	0.88894838631	0.10169466017
1	1.20905675709	-0.93239143537	-0.17713985542
6
131
6	-0.66425712459	0.01449512119	0.02067413987
6	0.66441547296	-0.00662198146	-0.01945871077
1	-1.22907685213	0.92870609616	0.17714312171
1	-1.24692129446	-0.89328769699	-0.10293881141
1	1.26641407827	0.88903958949	0.10171960322
1	1.20942561576	-0.93233121529	-0.17714099289
6
132
6	-0.66425913513	0.01434954793	0.02065161567
6	0.66441163042	-0.00676751880	-0.01948112572
1	-1.22870609719	0.92878177106	0.17714432442
1	-1.24727428362	-0.89321807162	-0.10291798368
1	1.26604664037	0.88912707233	0.10174356966
1	1.20978114098	-0.93227288779	-0.17714205063
6
133
6	-0.66426110445	0.01420936150	0.02062992582
6	0.66440796264	-0.00690767175	-0.01950271424
1	-1.22834931707	0.92885433644	0.17714543658
1	-1.24761448983	-0.89315070385	-0.10289786371
1	1.26569304111	0.88921099792	0.10176659978
1	1.21012380342	-0.93221640715	-0.17714303450
6
134
6	-0.66426303156	0.01407436215	0.02060903933
6	0.66440446075	-0.00704263989	-0.01952350673
1	-1.22800597553	0.92892393012	0.17714646475
1	-1.24794236609	-0.89308553317	-0.10287842971
1	1.26535275022	0.88929152146	0.10178873204
1	1.21045405803	-0.93216172756	-0.17714394994
6
135
6	-0.66426491580	0.01394435760	0.02058892638
6	0.66440111646	-0.00717261538	-0.01954353251
1	-1.22767555756	0.92899068315	0.17714741500
1	-1.24825835009	-0.89302249965	-0.10285966037
1	1.26502525839	0.88936879065	0.10181000318
1	1.21077234442	-0.93210880326	-0.17714480195
6
136
6	-0.66426675666	0.01381916271	0.02056955825
6	0.66439792188	-0.00729778319	-0.01956281976
1	-1.22735756853	0.92905472016	0.17714829298
1	-1.24856286467	-0.89296154401	-0.10284153488
1	1.26471007640	0.88944294611	0.10183044832
1	1.21107908739	-0.93205758867	-0.17714559518
6
137
6	-0.66426855382	0.01369859926	0.02055090732
6	0.66439486961	-0.00741832145	-0.01958139572
1	-1.22705153331	0.92911615974	0.17714910393
1	-1.24885631831	-0.89290260775	-0.10282403295
1	1.26440673431	0.88951412179	0.10185010105
1	1.21137469734	-0.93200803849	-0.17714633390
6
138
6	-0.66427030709	0.01358249565	0.02053294696
6	0.66439195260	-0.00753440160	-0.01959928653
1	-1.22675699548	0.92917511478	0.17714985273
1	-1.24913910551	-0.89284563320	-0.10280713477
1	1.26411478061	0.88958244528	0.10186899346
1	1.21165957068	-0.93196010780	-0.17714702211
6
139
6	-0.66427201646	0.01347068667	0.02051565156
6	0.66438916425	-0.00764618876	-0.01961651742
1	-1.22647351656	0.92923169274	0.17715054388
1	-1.24941160726	-0.89279056359	-0.10279082105
1	1.26383378153	0.88964803819	0.10188715625
1	1.21193409031	-0.93191375213	-0.17714766349
6
140
6	-0.66427368205	0.01336301324	0.02049899646
6	0.66438649828	-0.00775384188	-0.01963311269
1	-1.22620067522	0.92928599596	0.17715118160
1	-1.24967419144	-0.89273734312	-0.10277507300
1	1.26356332024	0.88971101644	0.10190461880
1	1.21219862601	-0.93186892753	-0.17714826144
6
141
6	-0.66427530397	0.01325932223	0.02048295790
6	0.66438394873	-0.00785751402	-0.01964909575
1	-1.22593806668	0.92933812196	0.17715176977
1	-1.24992721326	-0.89268591698	-0.10275987230
1	1.26330299620	0.88977149057	0.10192140921
1	1.21245353481	-0.93182559065	-0.17714881910
6
142
6	-0.66427688259	0.01315946615	0.02046751304
6	0.66438151006	-0.00795735253	-0.01966448914
1	-1.22568530195	0.92938816363	0.17715231201
1	-1.25017101563	-0.89263623139	-0.10274520116
1	1.26305242447	0.88982956600	0.10193755438
1	1.21269916147	-0.93178369875	-0.17714933940
6
143
6	-0.66427841826	0.01306330304	0.02045263987
6	0.66437917692	-0.00805349933	-0.01967931458
1	-1.22544200717	0.92943620957	0.17715281167
1	-1.25040592956	-0.89258823368	-0.10273104225
1	1.26281123510	0.88988534333	0.10195308006
1	1.21293583880	-0.93174320982	-0.17714982503
6
144
6	-0.66427991147	0.01297069618	0.02043831718
6	0.66437694429	-0.00814609105	-0.01969359300
1	-1.22520782305	0.92948234421	0.17715327189
1	-1.25063227455	-0.89254187225	-0.10271737873
1	1.26257907250	0.88993891855	0.10196801089
1	1.21316388809	-0.93170408253	-0.17715027850
6
145
6	-0.66428136272	0.01288151393	0.02042452459
6	0.66437480745	-0.00823525921	-0.01970734454
1	-1.22498240426	0.92952664810	0.17715369555
1	-1.25085035896	-0.89249709664	-0.10270419423
1	1.26235559487	0.88999038330	0.10198237049
1	1.21338361944	-0.93166627637	-0.17715070212
6
146
6	-0.66428277260	0.01279562954	0.02041124244
6	0.66437276186	-0.00832113052	-0.01972058862
1	-1.22476541882	0.92956919809	0.17715408534
1	-1.25106048035	-0.89245385753	-0.10269147286
1	1.26214047361	0.89003982510	0.10199618146
1	1.21359533212	-0.93162975158	-0.17715109803
6
147
6	-0.66428414174	0.01271292097	0.02039845181
6	0.66437080328	-0.00840382694	-0.01973334393
1	-1.22455654766	0.92961006750	0.17715444375
1	-1.25126292589	-0.89241210674	-0.10267919918
1	1.26193339286	0.89008732752	0.10200946548
1	1.21379931497	-0.93159446920	-0.17715146821
6
148
6	-0.66428547083	0.01263327067	0.02038613451
6	0.66436892764	-0.00848346594	-0.01974562850
1	-1.22435548400	0.92964932635	0.17715477311
1	-1.25145797263	-0.89237179725	-0.10266735820
1	1.26173404893	0.89013297040	0.10202224329
1	1.21399584669	-0.93156039112	-0.17715181449
6
149
6	-0.66428676056	0.01255656551	0.02037427298
6	0.66436713113	-0.00856016063	-0.01975745965
1	-1.22416193290	0.92968704146	0.17715507557
1	-1.25164588788	-0.89233288320	-0.10265593538
1	1.26154214982	0.89017683003	0.10203453479
1	1.21418519620	-0.93152748006	-0.17715213858
6
150
6	-0.66428801168	0.01248269650	0.02036285036
6	0.66436541010	-0.00863401991	-0.01976885411
1	-1.22397561079	0.92972327667	0.17715535312
1	-1.25182692953	-0.89229531987	-0.10264491662
1	1.26135741475	0.89021897934	0.10204635905
1	1.21436762297	-0.93149569961	-0.17715244205
6
151
6	-0.66428922497	0.01241155871	0.02035185037
6	0.66436376110	-0.00870514866	-0.01977982798
1	-1.22379624503	0.92975809294	0.17715560760
1	-1.25200134636	-0.89225906372	-0.10263428823
1	1.26117957377	0.89025948804	0.10205773433
1	1.21454337731	-0.93146501420	-0.17715272636
6
152
6	-0.66429040120	0.01234305111	0.02034125737
6	0.66436218085	-0.00877364788	-0.01979039676
1	-1.22362357343	0.92979154855	0.17715584076
1	-1.25216937833	-0.89222407233	-0.10262403696
1	1.26100836725	0.89029842279	0.10206867819
1	1.21471270068	-0.93143538913	-0.17715299286
6
153
6	-0.66429154117	0.01227707639	0.02033105628
6	0.66436066624	-0.00883961481	-0.01980057539
1	-1.22345734386	0.92982369918	0.17715605417
1	-1.25233125691	-0.89219030445	-0.10261414995
1	1.26084354552	0.89033584736	0.10207920741
1	1.21487582600	-0.93140679056	-0.17715324279
6
154
6	-0.66429264570	0.01221354086	0.02032123259
6	0.66435921433	-0.00890314311	-0.01981037824
1	-1.22329731386	0.92985459805	0.17715624932
1	-1.25248720533	-0.89215771992	-0.10260461474
1	1.26068486844	0.89037182273	0.10208933812
1	1.21503297794	-0.93137918551	-0.17715347732
6
155
6	-0.66429371562	0.01215235431	0.02031177233
6	0.66435782231	-0.00896432295	-0.01981981919
1	-1.22314325026	0.92988429608	0.17715642758
1	-1.25263743888	-0.89212627972	-0.10259541927
1	1.26053210508	0.89040640727	0.10209908578
1	1.21518437319	-0.93135254188	-0.17715369751
6
156
6	-0.66429475174	0.01209342984	0.02030266204
6	0.66435648750	-0.00902324119	-0.01982891156
1	-1.22299492877	0.92991284193	0.17715659024
1	-1.25278216519	-0.89209594592	-0.10258655185
1	1.26038503331	0.89043965684	0.10210846523
1	1.21533022071	-0.93132682839	-0.17715390436
6
157
6	-0.66429575490	0.01203668380	0.02029388875
6	0.66435520738	-0.00907998145	-0.01983766823
1	-1.22285213369	0.92994028217	0.17715673847
1	-1.25292158448	-0.89206668169	-0.10257800118
1	1.26024343946	0.89047162490	0.10211749071
1	1.21547072206	-0.93130201463	-0.17715409880
6
158
6	-0.66429672594	0.01198203563	0.02028544000
6	0.66435397953	-0.00913462426	-0.01984610157
1	-1.22271465753	0.92996666135	0.17715687337
1	-1.25305588979	-0.89203845123	-0.10256975629
1	1.26010711799	0.89050236261	0.10212617588
1	1.21560607156	-0.93127807099	-0.17715428166
6
159
6	-0.66429766566	0.01192940773	0.02027730377
6	0.66435280166	-0.00918724719	-0.01985422351
1	-1.22258230073	0.92999202213	0.17715699597
1	-1.25318526730	-0.89201121983	-0.10256180659
1	1.25997587122	0.89053191904	0.10213453384
1	1.21573645663	-0.93125496876	-0.17715445375
6
160
6	-0.66429857492	0.01187872539	0.02026946850
6	0.66435167159	-0.00923792492	-0.01986204553
1	-1.22245487128	0.93001640529	0.17715710720
1	-1.25330989647	-0.89198495380	-0.10255414182
1	1.25984950896	0.89056034111	0.10214257719
1	1.21586205793	-0.93123267997	-0.17715461579
6
161
6	-0.66429945450	0.01182991668	0.02026192303
6	0.66435058723	-0.00928672935	-0.01986957871
1	-1.22233218451	0.93003984992	0.17715720794
1	-1.25342995034	-0.89195962044	-0.10254675206
1	1.25972784823	0.89058767382	0.10215031800
1	1.21598304971	-0.93121117751	-0.17715476848
6
162
6	-0.66430030523	0.01178291230	0.02025465665
6	0.66434954663	-0.00933372976	-0.01987683369
1	-1.22221406273	0.93006239343	0.17715729901
1	-1.25354559575	-0.89193518806	-0.10253962770
1	1.25961071300	0.89061396023	0.10215776789
1	1.21609959992	-0.93119043503	-0.17715491243
6
163
6	-0.66430112791	0.01173764554	0.02024765903
6	0.66434854788	-0.00937899284	-0.01988382074
1	-1.22210033502	0.93008407164	0.17715738115
1	-1.25365699353	-0.89191162593	-0.10253275947
1	1.25949793390	0.89063924165	0.10216493799
1	1.21621187050	-0.93117042695	-0.17715504823
6
164
6	-0.66430192332	0.01169405214	0.02024092021
6	0.66434758920	-0.00942258281	-0.01989054975
1	-1.22199083692	0.93010491888	0.17715745507
1	-1.25376429871	-0.89188890428	-0.10252613838
1	1.25938934800	0.89066355764	0.10217183901
1	1.21632001757	-0.93115112846	-0.17715517643
6
165
6	-0.66430269225	0.01165207024	0.02023443063
6	0.66434666888	-0.00946456155	-0.01989703024
1	-1.22188541020	0.93012496804	0.17715752141
1	-1.25386766075	-0.89186699426	-0.10251975575
1	1.25928479850	0.89068694615	0.10217848120
1	1.21642419163	-0.93113251552	-0.17715529752
6
166
6	-0.66430343546	0.01161164025	0.02022818106
6	0.66434578528	-0.00950498860	-0.01990327138
1	-1.22178390261	0.93014425062	0.17715758077
1	-1.25396722370	-0.89184586791	-0.10251360320
1	1.25918413455	0.89070944354	0.10218487446
1	1.21652453775	-0.93111456479	-0.17715541197
6
167
6	-0.66430415370	0.01157270478	0.02022216261
6	0.66434493685	-0.00954392133	-0.01990928201
1	-1.22168616767	0.93016279682	0.17715763372
1	-1.25406312643	-0.89182549818	-0.10250767262
1	1.25908721099	0.89073108468	0.10219102825
1	1.21662119577	-0.93109725366	-0.17715552022
6
168
6	-0.66430484772	0.01153520859	0.02021636674
6	0.66434412211	-0.00958141499	-0.01991507063
1	-1.22159206442	0.93018063559	0.17715768076
1	-1.25415550277	-0.89180585887	-0.10250195616
1	1.25899388813	0.89075190302	0.10219695168
1	1.21671430049	-0.93108056023	-0.17715562266
6
169
6	-0.66430551825	0.01149909846	0.02021078520
6	0.66434333964	-0.00961752277	-0.01992064544
1	-1.22150145724	0.93019779467	0.17715772238
1	-1.25424448174	-0.89178692462	-0.10249644627
1	1.25890403156	0.89077193063	0.10220265352
1	1.21680398184	-0.93106446325	-0.17715571967
6
170
6	-0.66430616599	0.01146432314	0.02020541008
6	0.66434258810	-0.00965229591	-0.01992601432
1	-1.22141421559	0.93021430067	0.17715775902
1	-1.25433018765	-0.89176867088	-0.10249113561
1	1.25881751192	0.89079119828	0.10220814217
1	1.21689036503	-0.93104894219	-0.17715581160
6
171
6	-0.66430679164	0.01143083329	0.02020023372
6	0.66434186619	-0.00968578373	-0.01993118489
1	-1.22133021389	0.93023017911	0.17715779107
1	-1.25441274034	-0.89175107392	-0.10248601712
1	1.25873420474	0.89080973550	0.10221342571
1	1.21697357076	-0.93103397713	-0.17715589876
6
172
6	-0.66430739588	0.01139858138	0.02019524879
6	0.66434117268	-0.00971803377	-0.01993616446
1	-1.22124933125	0.93024545445	0.17715781894
1	-1.25449225529	-0.89173411075	-0.10248108398
1	1.25865399022	0.89082757059	0.10221851190
1	1.21705371534	-0.93101954880	-0.17715598146
6
173
6	-0.66430797938	0.01136752164	0.02019044819
6	0.66434050640	-0.00974909176	-0.01994096008
1	-1.22117145137	0.93026015018	0.17715784296
1	-1.25456884379	-0.89171775917	-0.10247632959
1	1.25857675307	0.89084473076	0.10222340823
1	1.21713091089	-0.93100563854	-0.17715605998
6
174
6	-0.66430854280	0.01133761001	0.02018582511
6	0.66433986623	-0.00977900178	-0.01994557855
1	-1.22109646229	0.93027428881	0.17715786346
1	-1.25464261308	-0.89170199768	-0.10247174758
1	1.25850238232	0.89086124208	0.10222812185
1	1.21720526543	-0.93099222833	-0.17715613456
6
175
6	-0.66430908676	0.01130880404	0.02018137298
6	0.66433925109	-0.00980780625	-0.01995002641
1	-1.22102425627	0.93028789194	0.17715788075
1	-1.25471366653	-0.89168680553	-0.10246733181
1	1.25843077120	0.89087712959	0.10223265968
1	1.21727688308	-0.93097930068	-0.17715620546
6
176
6	-0.66430961188	0.01128106285	0.02017708547
6	0.66433865996	-0.00983554605	-0.01995430994
1	-1.22095472962	0.93030098032	0.17715789510
1	-1.25478210372	-0.89167216262	-0.10246307634
1	1.25836181691	0.89089241733	0.10223702833
1	1.21734586417	-0.93096683872	-0.17715627289
6
177
6	-0.66431011877	0.01125434709	0.02017295650
6	0.66433809183	-0.00986226055	-0.01995843527
1	-1.22088778254	0.93031357385	0.17715790677
1	-1.25484802063	-0.89165804956	-0.10245897544
1	1.25829542053	0.89090712838	0.10224123420
1	1.21741230540	-0.93095482609	-0.17715633704
6
178
6	-0.66431060804	0.01122861883	0.02016898021
6	0.66433754582	-0.00988798761	-0.01996240818
1	-1.22082331898	0.93032569161	0.17715791601
1	-1.25491150973	-0.89164444759	-0.10245502357
1	1.25823148684	0.89092128489	0.10224528340
1	1.21747629992	-0.93094324703	-0.17715639814
6
179
6	-0.66431108022	0.01120384159	0.02016515093
6	0.66433702099	-0.00991276375	-0.01996623431
1	-1.22076124648	0.93033735196	0.17715792302
1	-1.25497266015	-0.89163133858	-0.10245121540
1	1.25816992419	0.89093490815	0.10224918184
1	1.21753793749	-0.93093208626	-0.17715645635
6
180
6	-0.66431153589	0.01117998020	0.02016146324
6	0.66433651651	-0.00993662411	-0.01996991908
1	-1.22070147607	0.93034857248	0.17715792800
1	-1.25503155772	-0.89161870504	-0.10244754576
1	1.25811064437	0.89094801859	0.10225293517
1	1.21759730463	-0.93092132902	-0.17715651185
6
181
6	-0.66431197559	0.01115700080	0.02015791190
6	0.66433603154	-0.00995960255	-0.01997346771
1	-1.22064392207	0.93035937009	0.17715793116
1	-1.25508828520	-0.89160653004	-0.10244400970
1	1.25805356247	0.89096063585	0.10225654886
1	1.21765448467	-0.93091096104	-0.17715656479
6
182
6	-0.66431239985	0.01113487080	0.02015449187
6	0.66433556531	-0.00998173167	-0.01997688523
1	-1.22058850206	0.93036976101	0.17715793265
1	-1.25514292227	-0.89159479725	-0.10244060239
1	1.25799859674	0.89097277876	0.10226002815
1	1.21770955795	-0.93090096855	-0.17715661531
6
183
6	-0.66431280917	0.01111355880	0.02015119829
6	0.66433511706	-0.01000304285	-0.01998017648
1	-1.22053513665	0.93037976083	0.17715793264
1	-1.25519554576	-0.89158349090	-0.10243731922
1	1.25794566852	0.89098446546	0.10226337807
1	1.21776260182	-0.93089133822	-0.17715666357
6
184
6	-0.66431320406	0.01109303455	0.02014802648
6	0.66433468607	-0.01002356634	-0.01998334612
1	-1.22048374947	0.93038938451	0.17715793128
1	-1.25524622964	-0.89157259575	-0.10243415572
1	1.25789470206	0.89099571332	0.10226660348
1	1.21781369087	-0.93088205718	-0.17715670967
6
185
6	-0.66431358500	0.01107326894	0.02014497194
6	0.66433427165	-0.01004333125	-0.01998639865
1	-1.22043426697	0.93039864644	0.17715792870
1	-1.25529504523	-0.89156209709	-0.10243110756
1	1.25784562445	0.89100653908	0.10226970904
1	1.21786289691	-0.93087311301	-0.17715675374
6
186
6	-0.66431395246	0.01105423392	0.02014203033
6	0.66433387315	-0.01006236561	-0.01998933840
1	-1.22038661837	0.93040756043	0.17715792503
1	-1.25534206119	-0.89155198072	-0.10242817059
1	1.25779836553	0.89101695879	0.10227269924
1	1.21791028916	-0.93086449370	-0.17715679589
6
187
6	-0.66431430689	0.01103590250	0.02013919748
6	0.66433348994	-0.01008069643	-0.01999216952
1	-1.22034073552	0.93041613975	0.17715792038
1	-1.25538734371	-0.89154223293	-0.10242534079
1	1.25775285771	0.89102698789	0.10227557840
1	1.21795593430	-0.93085618766	-0.17715683623
6
188
6	-0.66431464873	0.01101824865	0.02013646937
6	0.66433312140	-0.01009834972	-0.01999489603
1	-1.22029655283	0.93042439714	0.17715791486
1	-1.25543095655	-0.89153284048	-0.10242261430
1	1.25770903596	0.89103664122	0.10227835067
1	1.21799989657	-0.93084818370	-0.17715687484
6
189
6	-0.66431497842	0.01100124733	0.02013384212
6	0.66433276696	-0.01011535051	-0.01999752179
1	-1.22025400714	0.93043234487	0.17715790857
1	-1.25547296112	-0.89152379060	-0.10241998738
1	1.25766683768	0.89104593302	0.10228102005
1	1.21804223786	-0.93084047100	-0.17715691183
6
190
6	-0.66431529636	0.01098487443	0.02013131200
6	0.66433242606	-0.01013172293	-0.02000005054
1	-1.22021303767	0.93043999469	0.17715790159
1	-1.25551341659	-0.89151507097	-0.10241745643
1	1.25762620258	0.89105487701	0.10228359037
1	1.21808301780	-0.93083303913	-0.17715694727
6
191
6	-0.66431560296	0.01096910672	0.02012887541
6	0.66433209817	-0.01014749019	-0.02000248584
1	-1.22017358589	0.93044735793	0.17715789401
1	-1.25555237998	-0.89150666968	-0.10241501796
1	1.25758707263	0.89106348636	0.10228606535
1	1.21812229385	-0.93082587802	-0.17715698125
6
192
6	-0.66431589859	0.01095392178	0.02012652887
6	0.66433178278	-0.01016267468	-0.02000483115
1	-1.22013559545	0.93045444545	0.17715788592
1	-1.25558990621	-0.89149857523	-0.10241266861
1	1.25754939196	0.89107177374	0.10228844854
1	1.21816012133	-0.93081897794	-0.17715701384
6
193
6	-0.66431618366	0.01093929815	0.02012426909
6	0.66433147941	-0.01017729793	-0.02000708980
1	-1.22009901210	0.93046126769	0.17715787736
1	-1.25562604818	-0.89149077659	-0.10241040518
1	1.25751310679	0.89107975130	0.10229074336
1	1.21819655356	-0.93081232951	-0.17715704510
6
194
6	-0.66431645852	0.01092521504	0.02012209285
6	0.66433118756	-0.01019138068	-0.02000926499
1	-1.22006378364	0.93046783472	0.17715786841
1	-1.25566085684	-0.89148326306	-0.10240822454
1	1.25747816535	0.89108743077	0.10229295311
1	1.21823164190	-0.93080592367	-0.17715707511
6
195
6	-0.66431672353	0.01091165247	0.02011999707
6	0.66433090682	-0.01020494291	-0.02001135980
1	-1.22002985978	0.93047415619	0.17715785912
1	-1.25569438128	-0.89147602434	-0.10240612369
1	1.25744451777	0.89109482338	0.10229508096
1	1.21826543582	-0.93079975169	-0.17715710393
6
196
6	-0.66431697902	0.01089859121	0.02011797877
6	0.66433063672	-0.01021800386	-0.02001337720
1	-1.21999719213	0.93048024139	0.17715784956
1	-1.25572666880	-0.89146905046	-0.10240409973
1	1.25741211607	0.89110193996	0.10229712995
1	1.21829798298	-0.93079380512	-0.17715713161
6
197
6	-0.66431722533	0.01088601273	0.02011603508
6	0.66433037687	-0.01023058207	-0.02001532006
1	-1.21996573408	0.93048609924	0.17715783976
1	-1.25575776496	-0.89146233186	-0.10240214987
1	1.25738091403	0.89110879092	0.10229910302
1	1.21832932930	-0.93078807585	-0.17715715820
6
198
6	-0.66431746278	0.01087389917	0.02011416326
6	0.66433012686	-0.01024269536	-0.02001719111
1	-1.21993544077	0.93049173831	0.17715782978
1	-1.25578771364	-0.89145585926	-0.10240027142
1	1.25735086716	0.89111538625	0.10230100300
1	1.21835951900	-0.93078255600	-0.17715718377
6
199
6	-0.66431769169	0.01086223335	0.02011236063
6	0.66432988631	-0.01025436093	-0.02001899303
1	-1.21990626900	0.93049716687	0.17715781964
1	-1.25581655712	-0.89144962375	-0.10239846178
1	1.25732193263	0.89112173558	0.10230283261
1	1.21838859469	-0.93077723802	-0.17715720834
