12
 0.025714524179357132332990332202
-0.042389167275845331117611891614
 0.019258823366088681505736701638
-0.039698795281124257816607325822
 0.035528507058506138271969376774
-0.006569630885792231145270392290
 0.007751261243502130526827897938
 0.005514764656567808058518220804
 0.003202634900381397687479934078
-0.002603220439477910066322641214
-0.004677618216889653512957636394
-0.064499471599866506354992168326
12
 0.025714524184341450846469356861
-0.042389167274059912082773138309
 0.019258823388975894463914784183
-0.039698795255435605222604777964
 0.035528507070531990807982225533
-0.006569630912485809916268042485
 0.007751261230389024439735301542
 0.005514764642065461686115668272
 0.003202634938690735594279956899
-0.002603220410795610475357397817
-0.004677618199288126506207863287
-0.064499471602034605388631405276
12
 0.025714524213287900250568540628
-0.042389167243755486447209790413
 0.019258823304794260578010067775
-0.039698795296016900491231638171
 0.035528507083005943234521595286
-0.006569630874118330583766312003
 0.007751261216944096976710909530
 0.005514764585589142405208651354
 0.003202634885434318089136862540
-0.002603220423528010245284303181
-0.004677618268275808392775427791
-0.064499471611177541796600110047
12
 0.025714524226530845185667573105
-0.042389167225945066641568104160
 0.019258823305646557977333088729
-0.039698795264975862695511210632
 0.035528507127869347892445972548
-0.006569630882811527787523697697
 0.007751261248239334211707074473
 0.005514764546738713454909763811
 0.003202634856815086538545100936
-0.002603220445157364802690747041
-0.004677618243007101994646035337
-0.064499471612797551478557522842
