15
12
 0.025714533831539564123769281423 -0.042389163936345841676711643231  0.019258818230040698760152650948 -0.039698794839315931781698054692  0.035528523673301462548757001514 -0.006569634446664992730169352342  0.007751262296651437871952694536  0.005514756332400234939417060787  0.003202633760178899731407842211 -0.002603222250632523070146273625 -0.004677610963364811982878599395 -0.064499463331994952297598899804
12
 0.025714244913867558700593107801 -0.042389749820526671786335981551  0.019259251699628148618570477879 -0.039699227858837622673338074719  0.035528119327927168424885451259 -0.006569631231176809721405973619  0.007751293939625826176498257780 -0.005515702936338308902397553624  0.003202792646692669779190376644 -0.002603524015452259119524081044  0.004677620944161557485496683029  0.064498915031167405875756060141
12
 0.025954389449845800819094421286 -0.042469392494091547096690675289  0.019169179142822116712618907286 -0.039410076232373726645707989746  0.035643988672744465751041076373 -0.006432107964818745138302347186  0.007732857490792627123965541358 -0.005491334685526537071065256157  0.003503334412260181163212280353 -0.003380234229093886412498282112  0.004309524041347701645010559446  0.064482708658458245953859488964
12
-0.046277060267545785943177349964  0.002123142895923284083348203666  0.050412771786473908885994887896  0.050605964362052523186630281771 -0.051108868330506526667100786199 -0.003257605728219452843885672877  0.009098119466699488080974056459  0.000000933870664904946453085195 -0.006164346296028358311580586104  0.002830441792832102867322197071  0.000001770275791177018635141373 -0.000002021662432338481717609274
12
-0.000000296611790013009938284875  0.069084736868121540687148751658 -0.050425389393294162143632775042  0.050608203957158336139254828367  0.002450560494479283972502070554 -0.006629957332514728116090729770 -0.005236439880071615260437312145 -0.000002082493616091150164616524 -0.006164058620600713217507760078 -0.002830445072947273665170397905  0.000000000680746200367266620256 -0.000001621150276546779543510902
12
 0.024987179330554110112672105970 -0.043129416244574808603218230019  0.021431680489980904635860525786 -0.038596717153095719265998297942  0.035035478616442558563726095144 -0.007028278820496490844615955496  0.008532934035783611148584526518 -0.006517899825417528339444039887  0.002470532307997112732994571260 -0.001979029033296704574024227341  0.002840706813352452796833658155  0.064468641000336460167297047974
12
-0.046276595217264994419625878663  0.002117309312690227821734945124 -0.050410788398794946496561664162 -0.050609825709993214171156239445 -0.051107603380703948980912088018 -0.003257808460352880006172249239  0.009098197486742993708719318136  0.000000227911934267561252189156  0.006164474947632080092940753957 -0.002830774690043942436179502664 -0.000002591974029897220541655443 -0.000003271133411042147593687356
12
-0.000000351645326054124334537080  0.069105840809050328443774446896  0.050405417337185780268793422465 -0.050599220066573358245420877211  0.002450457609229739642381362685 -0.006630210061598004571414843866 -0.005236484788610540168363183255 -0.000000102005750745754475117098  0.006164371581265415227235404672  0.002830350253842182656899284510 -0.000000004922955147428256009992 -0.000006100040168102784968152345
12
-0.037834703874997585582029557827 -0.003175008483000636445164888144 -0.052551037930102552364619583614 -0.059191819649478297216127486990 -0.039311600460522760913661954874 -0.004957406086693654130581609962  0.010943557789175084246635627494  0.003703640559096828960283787069  0.007909437973709342387107490424 -0.004718267639745270594642256867  0.015604477940974836522314284082  0.016167689882414199714633085136
12
 0.073441365795870350297036566189  0.000810055012684177881514269171  0.000001244219946855146910309688 -0.000003311445514156116115301329 -0.054514510807618071774882650971 -0.009215653207312057143552053162  0.039356692424261735530066630417 -0.000000546220035224345673886283 -0.000000811505252332729762378420 -0.000001073913823496128012598117 -0.000002955456895903534209480833 -0.000013650847357108882243882479
12
 0.026960982768038252443965063776 -0.040909723357025279399934447611  0.016179877453454376973196460199 -0.041157264496794791763800702711  0.036247367565925191212894418413 -0.006746956348915453087478066863  0.007113610493183586229448689409  0.003655141601337915432251568504  0.003390665631688070079385877165 -0.003045815895056285058789535825 -0.006825675287081069651795584008 -0.064444325172509184240787760700
12
 0.004215152387601451590415368997  0.062146423100566033914660124537  0.049902338269343329835159295271 -0.056084244854686944592447872537  0.008514118942886344729159553424 -0.008512277700577112332647189419 -0.004354281320004669240952832610 -0.000876581748528304743710293234  0.007581009654492260399494263368  0.002936100354859108758909247427 -0.003167926247481322489518706931 -0.015606514559649325296630806292
12
 0.012338318649963575177053165532  0.060970232848654049018222167433 -0.032749368694005659419232756591  0.058488485629694844658565955342  0.016217076411805326358051004831 -0.008575067558927033581350762859 -0.005043001026313565990366605263 -0.017182159617193659695288943112 -0.009300898306388456424076416340 -0.000744602127937092151191422751  0.027205874836843602776470518734 -0.012351838383034644333613449874
12
 0.000828768582590201034060450880  0.068965935603314584834144795877 -0.051149892990004941495385537564  0.050008381180861601056353293870  0.003245740851219177172670704579 -0.006317519489867858689668977945 -0.005343230249217420166352177091 -0.001197699799692645856313832908 -0.006161619043328553542437919788 -0.002678166387344367571632375302  0.000222714440848485750474444744 -0.000494895076382206736478885922
12
 0.004016568534735631516852105705 -0.052793716306593622966669698826 -0.015030941551638166489568426698  0.013148359130758768484326104442 -0.003569456812726910441280203656 -0.029947502399574284226435594292 -0.010190346407802058914526810440  0.000599656253089538319664408839 -0.049119066805008083920203176831 -0.057964771754056731989379613879  0.000308945982559273503876423606 -0.003375283488290451230917632586
