18
 0.000000000000000000000000000000  0.000000000000000000000000000000  0.000000000000000000000000000000  1.334902261467491246804684124072  0.000000000000000000000000000000  0.000000000000000000000000000000 -0.642242131279923911257867530367  0.857894211549041996178743829660  0.000000000000000000000000000000 -0.480102448226369660222445645559 -0.948925800027282217996571489493 -0.081596990614821923726296404311  1.938189498617232997546011574741  0.968956645344497324856547493255  0.008894195188975934432407122188  1.901672059099400957649095289526 -0.900368885639302840573350295017  0.105884048172565928269683865892
18
 0.000000000000000000000000000000  0.000000000000000000000000000000  0.000000000000000000000000000000  1.331448645464494928702947618149  0.000000000000000000000000000000  0.000000000000000000000000000000 -0.577066803445159592911295476370  0.920623836561160646674295549019  0.000000000000000000000000000000 -0.548305799525169446084760238591 -0.876852979648884089947102893348  0.273351400693598478586210376307  1.905893810052026626777887940989  0.878345752885830721723436909087 -0.225703729018571774833645804392  1.902273349277418867941946700739 -0.902653389164253194820730641368  0.157384165504909800947785925018
18
 0.000000000000000000000000000000  0.000000000000000000000000000000  0.000000000000000000000000000000  1.327509616344816789634819542698  0.000000000000000000000000000000  0.000000000000000000000000000000 -0.590629686081473481706893835508  0.909289569663702446078445973399  0.000000000000000000000000000000 -0.618775316329641000834271835629 -0.998107372131143089077909280604 -0.000002532147615977107035843512  1.898078470418153473886491156009  0.924316533632627002070591970551 -0.000004317888487234640876354444  1.903674454244073999120701046195 -0.919838721854952523493409444200  0.000003262173194133662474075274
18
 0.000000000000000000000000000000  0.000000000000000000000000000000  0.000000000000000000000000000000  1.331448644863329144882868604327  0.000000000000000000000000000000  0.000000000000000000000000000000 -0.577066802069126194574266719428  0.920623837608461004222704104905  0.000000000000000000000000000000 -0.548305788672549976325854004244 -0.876852961038532052739924438356  0.273351401868159815666814438373  1.905893818252361038290132455586  0.878345771718990420140471542254 -0.225703631913117291896142546648  1.902273353448126869125189841725 -0.902653380554039541650013234175  0.157384154287433797314577077486
18
 0.000000000000000000000000000000  0.000000000000000000000000000000  0.000000000000000000000000000000  1.331448748679513460757561915671  0.000000000000000000000000000000  0.000000000000000000000000000000 -0.577066841692834064936334925733  0.920623864507911782162352665182  0.000000000000000000000000000000 -0.548304379951307319096542869374 -0.876850322362414558163834499283 -0.273360002044248373564983012329  1.905894167353494594863150268793  0.878343841262913316292326726398  0.225709023267841368820540992601  1.902273301857852372265256235551 -0.902652738548983424315963475237 -0.157387732544237629594974237079
18
 0.000000000000000000000000000000  0.000000000000000000000000000000  0.000000000000000000000000000000  1.331448748678843108095293246151  0.000000000000000000000000000000  0.000000000000000000000000000000 -0.577066841912145411797041560931  0.920623864351245435599935262871  0.000000000000000000000000000000 -0.548304379619004578216845402494 -0.876850322731187681313258508453 -0.273360001794646645389974537466  1.905894167321063870090824821091  0.878343841103079281396048827446  0.225709023637766736936072220487  1.902273301828285800851858766691 -0.902652738519190367405542474444 -0.157387732644213601540528202349
18
 0.000000000000000000000000000000  0.000000000000000000000000000000  0.000000000000000000000000000000  1.331448645577382627891438460210  0.000000000000000000000000000000  0.000000000000000000000000000000 -0.577066803382739745842400225229  0.920623836598726708047024658299  0.000000000000000000000000000000 -0.548305801030001704887695268553 -0.876852981093428684999935285305  0.273351395372117389470645321126  1.905893808232909991673409422219  0.878345749193096714257933399495 -0.225703735701484248243886554519  1.902273349085744857944746399880 -0.902653391055842635459782741236  0.157384160313554705146188439358
18
 0.000000000000000000000000000000  0.000000000000000000000000000000  0.000000000000000000000000000000  1.327509595051290736122950875142  0.000000000000000000000000000000  0.000000000000000000000000000000 -0.570569576199168149166496277758  0.924318470628148425305425917031  0.000000000000000000000000000000 -0.576163541225432118686455851275 -0.919837980043681113784259650856  0.000009522086743184237863941305  1.918140076512762970395442607696  0.909286614244697699582786754036 -0.000011252717789747515795000139  1.946284779208669046823843018501 -0.998106779798389354141363583039 -0.000001412511871474695472752437
18
 0.000000000000000000000000000000  0.000000000000000000000000000000  0.000000000000000000000000000000  1.331448645699066180014824567479  0.000000000000000000000000000000  0.000000000000000000000000000000 -0.577066803280402274012317320739  0.920623836684040020017505412397  0.000000000000000000000000000000 -0.548305802510424378226616681786 -0.876852982624206744866057761101  0.273351395159455279326721210964  1.905893807563246999947637050354  0.878345747418842970333230368851 -0.225703743395948841499176751313  1.902273349102481470040970634727 -0.902653391207942079610404562118  0.157384161801416178061430173329
18
 0.000000000000000000000000000000  0.000000000000000000000000000000  0.000000000000000000000000000000  1.332388057217046117841618979583  0.000000000000000000000000000000  0.000000000000000000000000000000 -0.609966309980668253132307654596  0.981333068158023791305311078759  0.000000000000000000000000000000 -0.587384333159022831161166777747 -0.911244597913926424048725039029 -0.018167804636214729407939216799  1.881000288396768915788470621919  0.914061000817696145404056551342  0.106490351491139001449681700251  1.868181027921278714032382595178 -0.919561776825022603176762459043  0.112685591754632385974588260069
18
 0.000000000000000000000000000000  0.000000000000000000000000000000  0.000000000000000000000000000000  1.328004206672591447357945071417  0.000000000000000000000000000000  0.000000000000000000000000000000 -0.570839325594749702474928199081  0.924325270732244685945033779717  0.000000000000000000000000000000 -0.572557955996856549063522834331 -0.912686747070381221291768270021  0.066859300067591748151230035546  1.918823759443513798927938296401  0.895780870140891138930783199612 -0.079736793937266528531360165744  1.944548629020557806157398772484 -0.995531347438097347080088184157  0.005559687273281576844197182652
18
 0.000000000000000000000000000000  0.000000000000000000000000000000  0.000000000000000000000000000000  1.331448748382794811107032728614  0.000000000000000000000000000000  0.000000000000000000000000000000 -0.577066839120012886610311397817  0.920623866165774962233570022363  0.000000000000000000000000000000 -0.548304378018813043382806426962 -0.876850317379141763751704274910 -0.273359999424818755908717093916  1.905894166016946389419217666727  0.878343834655691213519901339168  0.225709028827123847626978658809  1.902273304828141498035165568581 -0.902652757712252062916036265960 -0.157387671281622648633558014808
18
 0.000000000000000000000000000000  0.000000000000000000000000000000  0.000000000000000000000000000000  1.331448645746668102418652779306  0.000000000000000000000000000000  0.000000000000000000000000000000 -0.577066803685137519330794475536  0.920623836398776540512756128010  0.000000000000000000000000000000 -0.548305801875657361499349917722 -0.876852983294398202751551707479  0.273351394918357470942282816395  1.905893807726843025562857292243  0.878345747066443860440188018401 -0.225703744087414753805020950495  1.902273348867729918509894559975 -0.902653391335170973697188401275  0.157384161930974597609633747197
18
 0.000000000000000000000000000000  0.000000000000000000000000000000  0.000000000000000000000000000000  1.331448645457966817318151697691  0.000000000000000000000000000000  0.000000000000000000000000000000 -0.577066801172719912038644451968  0.920623838036289554587199290836  0.000000000000000000000000000000 -0.548305800873034487885604448820 -0.876852978626003309869929580600  0.273351393653075258605156250269  1.905893806255019695683472491510  0.878345741957991532622429531330 -0.225703748886092764314170722173  1.902273351200465700827635373571 -0.902653407566140542073185315530  0.157384110938857929573586602601
18
 0.000000000000000000000000000000  0.000000000000000000000000000000  0.000000000000000000000000000000  1.331448645709367051281901694892  0.000000000000000000000000000000  0.000000000000000000000000000000 -0.577066803494904245752650240320  0.920623836533543626892139855045  0.000000000000000000000000000000 -0.548305802186725754765461715579 -0.876852982959103077753582056175  0.273351394990950236074667145658  1.905893807659729821679661654343  0.878345747239891339042117124336 -0.225703743687721364308274019095  1.902273348947910225348323365324 -0.902653391249571668275564206851  0.157384161957960400091138808421
18
 0.000000000000000000000000000000  0.000000000000000000000000000000  0.000000000000000000000000000000  1.331448645484844872655116887472  0.000000000000000000000000000000  0.000000000000000000000000000000 -0.577066798190091767573051129148  0.920623840033574114549708156119  0.000000000000000000000000000000 -0.548305800416578170697334826400 -0.876852973229069854177453180455  0.273351391665709209100043608487  1.905893804534212199186526959238  0.878345737221582378850825989502 -0.225703753185020644655978117044  1.902273352263677663742669210478 -0.902653424236785073553335223551  0.157384056211706174766007393373
18
 0.000000000000000000000000000000  0.000000000000000000000000000000  0.000000000000000000000000000000  1.326892532550338454910843211110  0.000000000000000000000000000000  0.000000000000000000000000000000 -0.582729897262102780608472585300  0.915152340251592200104369112523  0.000000000000000000000000000000 -0.599290611026320751975049461180 -0.965254860043033846572768652550 -0.000002636452849696299660913618  1.927692933543444508970310380391  0.965004978137917746039420308080  0.000001877603346863865284435214  1.928952604137009751994469297642 -0.964831473960801822009614170383 -0.000001645739939895557461794107
18
 0.000000000000000000000000000000  0.000000000000000000000000000000  0.000000000000000000000000000000  1.331448748614246779808922838129  0.000000000000000000000000000000  0.000000000000000000000000000000 -0.577066842260932300057163502061  0.920623864115511558736670849612  0.000000000000000000000000000000 -0.548304379864211322015421501419 -0.876850323541656928583165608870 -0.273360000373821077079838914869  1.905894166997099459237574592407  0.878343840126394992395830740861  0.225709025799006868240326184605  1.902273301767160473829676448076 -0.902652738322298420214906400361 -0.157387733118915268404336416097
18
 0.000000000000000000000000000000  0.000000000000000000000000000000  0.000000000000000000000000000000  1.327509621626035363206597139651  0.000000000000000000000000000000  0.000000000000000000000000000000 -0.576164963919307937523228702048  0.919839789493028359146364891785  0.000000000000000000000000000000 -0.570567869039994124413794907014 -0.924316734643154003236986682168  0.000004994606255843926806718604  1.946285120146215685821289298474  0.998107064953432154830181843863  0.000002089576106243366763874116  1.918139950109617464235611805634 -0.909287895610052965267300351115  0.000005736925204815560194444943
18
 0.000000000000000000000000000000  0.000000000000000000000000000000  0.000000000000000000000000000000  1.331448645702375754851232159126  0.000000000000000000000000000000  0.000000000000000000000000000000 -0.577066803673924821893592707056  0.920623836404611761707883488270  0.000000000000000000000000000000 -0.548305801867824404993712050782 -0.876852983214529979605345033633  0.273351395011879327867632127891  1.905893807688804564293150178855  0.878345747157249001624279571843 -0.225703743908713477805960678779  1.902273348882712378227211047488 -0.902653391323816722824346925336  0.157384161907730218965539847886
18
 0.000000000000000000000000000000  0.000000000000000000000000000000  0.000000000000000000000000000000  1.323241946418726833201162662590  0.000000000000000000000000000000  0.000000000000000000000000000000 -0.447782261870130704473069727101  1.025409727824181382871415735281  0.000000000000000000000000000000 -0.677657662096644797244948676962 -0.870543800117529742443878149061  0.000001457987041071064536685350  1.771024945828382435308867570711  1.025411187007977398266689306183 -0.000001465942685954774223218953  2.000895771703115055828448021202 -0.870543920972751017473001411417  0.000001582742535766307247235320
18
 0.000000000000000000000000000000  0.000000000000000000000000000000  0.000000000000000000000000000000  1.327509593644090823971737336251  0.000000000000000000000000000000  0.000000000000000000000000000000 -0.570569571913555839692833160370  0.924318473180154476231962235033  0.000000000000000000000000000000 -0.576163552086841779242831762531 -0.919837994165045080841025537666  0.000008994759547165650582275370  1.918140067112119817593907100672  0.909286648613796044671175877738 -0.000010717354073849002116941564  1.946284778378593705028265503643 -0.998106779990331371976708396687 -0.000001460168394946940194749634
18
 0.000000000000000000000000000000  0.000000000000000000000000000000  0.000000000000000000000000000000  1.325248634092067723244667831750  0.000000000000000000000000000000  0.000000000000000000000000000000 -0.575227369471805638490025103238  0.978933620614098387591184291523  0.000000000000000000000000000000 -0.665526306241222886939112868276 -0.830714139199824175285868932406 -0.000016938285703199267479045556  1.905627459491220809795208879223  0.916374178821849461051840535220  0.000000748809195434853517838120  1.927657471386152732151231248281 -0.967289844327328007800304021657 -0.000002422419584520473140771017
18
 0.000000000000000000000000000000  0.000000000000000000000000000000  0.000000000000000000000000000000  1.331448645722038248706553531520  0.000000000000000000000000000000  0.000000000000000000000000000000 -0.577066803613778822601432239026  0.920623836449033672302277864219  0.000000000000000000000000000000 -0.548305801989739216573127578158 -0.876852983157579757289568078704  0.273351394888990129050654331877  1.905893807666922512566998193506  0.878345747135990118081849686860 -0.225703743891558256118301528659  1.902273348967238986162442415662 -0.902653391277879024734431823163  0.157384161902297203816658566211
18
 0.000000000000000000000000000000  0.000000000000000000000000000000  0.000000000000000000000000000000  1.331448645731993174479157460155  0.000000000000000000000000000000  0.000000000000000000000000000000 -0.577066803693579544187741703354  0.920623836389852900907726507285  0.000000000000000000000000000000 -0.548305801827799421666043144796 -0.876852983276541264601178227167  0.273351394991207974349833875749  1.905893807709732712396544229705  0.878345747160367840145056561596 -0.225703743837102011049466909753  1.902273349014174108617680758471 -0.902653391198204979595232089196  0.157384162044520936607483463376
18
 0.000000000000000000000000000000  0.000000000000000000000000000000  0.000000000000000000000000000000  1.331448748677042326349351242243  0.000000000000000000000000000000  0.000000000000000000000000000000 -0.577066841888635329027579246031  0.920623864367203892378199725499  0.000000000000000000000000000000 -0.548304379637682859360836573615 -0.876850322693456973865977488458 -0.273360001817868625284546624243  1.905894167187371701643883170618  0.878343841213150677837973034912  0.225709023583525431044805031888  1.902273301913882219693618935707 -0.902652738454452263638927433931 -0.157387732655636491951867128591
18
 0.000000000000000000000000000000  0.000000000000000000000000000000  0.000000000000000000000000000000  1.325747136982324825282830715878  0.000000000000000000000000000000  0.000000000000000000000000000000 -0.599121769718937380311274409905  0.959627027272929367107678899629  0.000000000000000000000000000000 -0.599060668626154591009935757029 -0.961039559319806557802223778708 -0.000003926508541093688594561181  1.977507391468694031289032864152  0.845412527700189264656671639386  0.000018344481108787912535841580  1.901408120445678751053719679476 -0.969195931402450749914123662165 -0.000003167073417354970918407729
18
 0.000000000000000000000000000000  0.000000000000000000000000000000  0.000000000000000000000000000000  1.331448645402647956714758947783  0.000000000000000000000000000000  0.000000000000000000000000000000 -0.577066803424937990740772875142  0.920623836578225773763506367686  0.000000000000000000000000000000 -0.548305799219179546000191294297 -0.876852979154970291197912501957  0.273351402263831644301461665236  1.905893810672571575537403987255  0.878345753844701260248939433950 -0.225703727820003335891030360472  1.902273349238611244160779278900 -0.902653388874052664547775748360  0.157384166674615466607889402439
18
 0.000000000000000000000000000000  0.000000000000000000000000000000  0.000000000000000000000000000000  1.269242018558309537112904763489  0.000000000000000000000000000000  0.000000000000000000000000000000 -0.581367016691361593316855760349  0.917899808564435981672602338222  0.000000000000000000000000000000 -0.583387270589757256367136051267 -0.917659491960209905414558306802 -0.020062458716713093415107138640  1.868775297565268056487752801331  0.917842179999834861803265084745  0.078971641419684796003863880287  1.873136942671266957916031969944 -0.917985732056958658731105060724  0.092711001264730863447027786606
18
 0.000000000000000000000000000000  0.000000000000000000000000000000  0.000000000000000000000000000000  1.331448748179736130126116222527  0.000000000000000000000000000000  0.000000000000000000000000000000 -0.577066841092215510045093651570  0.920623864960299242987673551397  0.000000000000000000000000000000 -0.548304373294995373022686635522 -0.876850311775467572417142037011 -0.273360010225580041254289653807  1.905894173094684340696858271258  0.878343855676227525108856752922  0.225708972335787710905563585584  1.902273303028797934999261087796 -0.902652732312759109589705985854 -0.157387738528903586843199491341
18
 0.000000000000000000000000000000  0.000000000000000000000000000000  0.000000000000000000000000000000  1.331448748185404484800642421760  0.000000000000000000000000000000  0.000000000000000000000000000000 -0.577066832195199164168286642962  0.920623870771272723168010543304  0.000000000000000000000000000000 -0.548304374593304166829454970866 -0.876850303621263815756492476794 -0.273359994194623645569208747474  1.905894163708714339477978683135  0.878343821258083301550811938796  0.225709037152272223858417987685  1.902273309761420838626122531423 -0.902652802549955390887248540821 -0.157387532775999289258450630768
18
 0.000000000000000000000000000000  0.000000000000000000000000000000  0.000000000000000000000000000000  1.327509621469747047584064603143  0.000000000000000000000000000000  0.000000000000000000000000000000 -0.576164964061977813436499218369  0.919839789411352248826858613029  0.000000000000000000000000000000 -0.570567869119792181464845270966 -0.924316734761394198649497866427  0.000004998113021568552403019799  1.946285119609044045319024007767  0.998107065193466591601634263498  0.000002088891126726962447915717  1.918139950084363221094463369809 -0.909287895498390619231088294327  0.000005739905581128556422848292
18
 0.000000000000000000000000000000  0.000000000000000000000000000000  0.000000000000000000000000000000  1.329438836229004605726800036791  0.000000000000000000000000000000  0.000000000000000000000000000000 -0.546784222327235780447551860561  0.877240462093566764067986696318  0.000000000000000000000000000000 -0.543343465374244716237228658429 -0.880956564256581642347043725749 -0.000005740489136499627370125234  1.978425296895037766020664093958  0.886157568877670387408329588652  0.000011807779705095583662726594  1.811497265328967154474071321602 -1.001371491713079819874110398814  0.000018902560349212790060139874
18
 0.000000000000000000000000000000  0.000000000000000000000000000000  0.000000000000000000000000000000  1.331448748676481219632705688127  0.000000000000000000000000000000  0.000000000000000000000000000000 -0.577066841971854871395919417409  0.920623864311370110335985827987  0.000000000000000000000000000000 -0.548304379671475161650562313298 -0.876850322838272133729731194762 -0.273360001384714279559773331130  1.905894167271778627537059946917  0.878343840921891771955642980174  0.225709023858823298880338370509  1.902273301849450870548707825947 -0.902652738457648262659915872064 -0.157387732644136357773589907083
18
 0.000000000000000000000000000000  0.000000000000000000000000000000  0.000000000000000000000000000000  1.331448645645738171339189648279  0.000000000000000000000000000000  0.000000000000000000000000000000 -0.577066803321622634470600132772  0.920623836632662229106927043176  0.000000000000000000000000000000 -0.548305801910958678924146170175 -0.876852982500886279915164323029  0.273351394682109338774012030626  1.905893807552363483637236640789  0.878345746784750858182633237448 -0.225703743532794154358356308876  1.902273349125209289667282064329 -0.902653392625739403598572607734  0.157384156041745909559992355753
18
 0.000000000000000000000000000000  0.000000000000000000000000000000  0.000000000000000000000000000000  1.331448645709915945545276372286  0.000000000000000000000000000000  0.000000000000000000000000000000 -0.577066803615370216284929938411  0.920623836447093335522140478133  0.000000000000000000000000000000 -0.548305801976584961110461335920 -0.876852983157432541716502782947  0.273351395008878783610128948567  1.905893807626729552495703501336  0.878345747169964163880706564669 -0.225703743966401582099479128374  1.902273348936852404023056806182 -0.902653391318015696498378019896  0.157384161827548663126208339236
18
 0.000000000000000000000000000000  0.000000000000000000000000000000  0.000000000000000000000000000000  1.331448748607879650762697565369  0.000000000000000000000000000000  0.000000000000000000000000000000 -0.577066842156672366037639676506  0.920623864193952479162419422209  0.000000000000000000000000000000 -0.548304380186451556511428861995 -0.876850323404828491113960353687 -0.273360000187646834390875483223  1.905894167052962551167638594052  0.878343839996435171713073941646  0.225709025836099141937296508331  1.902273301737059441052224428859 -0.902652738302456625341108065186 -0.157387733155591791334160234328
18
 0.000000000000000000000000000000  0.000000000000000000000000000000  0.000000000000000000000000000000  1.331448748678122573352311519557  0.000000000000000000000000000000  0.000000000000000000000000000000 -0.577066841981995648502845597250  0.920623864300319616482681794878  0.000000000000000000000000000000 -0.548304379477941528087114875234 -0.876850322823237826597164712439 -0.273360001810308894665269008328  1.905894167336450228944499940553  0.878343841091122068398533428990  0.225709023651525730880251785493  1.902273301748898637342222173174 -0.902652738561520839866147980501 -0.157387732664501095447562306617
18
 0.000000000000000000000000000000  0.000000000000000000000000000000  0.000000000000000000000000000000  1.331448748677115823113581427606  0.000000000000000000000000000000  0.000000000000000000000000000000 -0.577066841870466085140378709184  0.920623864379964684800938812259  0.000000000000000000000000000000 -0.548304379673021258234655306296 -0.876850322679591953622946221003 -0.273360001830075194373392832858  1.905894167246896975242975713627  0.878343841139422765174060714344  0.225709023757658833186923175163  1.902273301793059312458922249789 -0.902652738593539338829430107580 -0.157387732525964690877273710612
18
 0.000000000000000000000000000000  0.000000000000000000000000000000  0.000000000000000000000000000000  1.331448645719588430580415661098  0.000000000000000000000000000000  0.000000000000000000000000000000 -0.577066803613753509516470785456  0.920623836448702381751729717507  0.000000000000000000000000000000 -0.548305801964101613421576075780 -0.876852983124555840355185409862  0.273351395033397559508614449442  1.905893807716272370100796251791  0.878345747192030956718156176066 -0.225703743702919595870426405781  1.902273348893011917226658624713 -0.902653391289486295434585372277  0.157384161978055853170488376236
18
 0.000000000000000000000000000000  0.000000000000000000000000000000  0.000000000000000000000000000000  1.331448748685509997358167311177  0.000000000000000000000000000000  0.000000000000000000000000000000 -0.577066841974751776334073838370  0.920623864298408589590394512925  0.000000000000000000000000000000 -0.548304379490933468943580919586 -0.876850322844261786947583914298 -0.273360001737859070747305167970  1.905894167262432992160370304191  0.878343841102776190510326159711  0.225709023730717078803920117025  1.902273301850095243992200266803 -0.902652738499047258002860871784 -0.157387732660171641985158430543
18
 0.000000000000000000000000000000  0.000000000000000000000000000000  0.000000000000000000000000000000  1.331448644427711380799905782624  0.000000000000000000000000000000  0.000000000000000000000000000000 -0.577066801615557123383837279107  0.920623837888880802715618756338  0.000000000000000000000000000000 -0.548305785797415734528215125465 -0.876852957885137951343779150193  0.273351430441796883208382951125  1.905893824177259165963960185763  0.878345785726980965435473081016 -0.225703635324929957617356990340  1.902273350618513658716324243869 -0.902653377171511617227395163354  0.157384183738721206147204156878
18
 0.000000000000000000000000000000  0.000000000000000000000000000000  0.000000000000000000000000000000  1.331448645045576473222581626032  0.000000000000000000000000000000  0.000000000000000000000000000000 -0.577066803096174085752068094735  0.920623836881846457913525227923  0.000000000000000000000000000000 -0.548305791220784599637738665479 -0.876852967338844324629576476582  0.273351403114473978650522667522  1.905893816614028013489701152139  0.878345767153201562038589145232 -0.225703660212424578324075241653  1.902273350663874484922644114704 -0.902653381879931826503593583766  0.157384166589462859420223139750
18
 0.000000000000000000000000000000  0.000000000000000000000000000000  0.000000000000000000000000000000  1.331448645685805010074886922666  0.000000000000000000000000000000  0.000000000000000000000000000000 -0.577066803482100265654253234970  0.920623836539203210804771515541  0.000000000000000000000000000000 -0.548305802222582627791780396365 -0.876852982942851300052211627190  0.273351394959129689876675683990  1.905893807606666934262307222525  0.878345747197137427519919583574 -0.225703743779246707168439911584  1.902273348987648216024126668344 -0.902653391293869122868898102752  0.157384161726138116499384977942
18
 0.000000000000000000000000000000  0.000000000000000000000000000000  0.000000000000000000000000000000  1.331448748695925665685990679776  0.000000000000000000000000000000  0.000000000000000000000000000000 -0.577066842067926022430413013353  0.920623864238000577664422507951  0.000000000000000000000000000000 -0.548304379314555667690456175478 -0.876850322982391183757044927916 -0.273360001760328041875425242324  1.905894167300579145063466057763  0.878343841084982979161566163384  0.225709023740692654724782073572  1.902273301859766618804314930458 -0.902652738470895776856650627451 -0.157387732752081066500693395938
18
 0.000000000000000000000000000000  0.000000000000000000000000000000  0.000000000000000000000000000000  1.331448748570414508662906882819  0.000000000000000000000000000000  0.000000000000000000000000000000 -0.577066841484499826187004600797  0.920623864618021370276323978032  0.000000000000000000000000000000 -0.548304379439572109333767002681 -0.876850321841715296677932656166 -0.273360001684871789517927709312  1.905894166890649055190465332998  0.878343840476929482719015140901  0.225709024573925998158330230581  1.902273302172413638189141238399 -0.902652741160692162480927436263 -0.157387723366838899741182444814
18
 0.000000000000000000000000000000  0.000000000000000000000000000000  0.000000000000000000000000000000  1.331448644902391231781280112045  0.000000000000000000000000000000  0.000000000000000000000000000000 -0.577066802706919568244359197706  0.920623837144074141924932064285  0.000000000000000000000000000000 -0.548305790841537410429396004474 -0.876852965723229238470537438843  0.273351408561147535269952868475  1.905893818128454819671446784923  0.878345770432986006071018891816 -0.225703658398224898951056616170  1.902273350672476048828229977516 -0.902653380992910703284337614605  0.157384171744292838956980062903
18
 0.000000000000000000000000000000  0.000000000000000000000000000000  0.000000000000000000000000000000  1.331448646167316951505199540406  0.000000000000000000000000000000  0.000000000000000000000000000000 -0.577066802225977060203376822756  0.920623837263812028197662584716  0.000000000000000000000000000000 -0.548305802461216074128458330961 -0.876852983570288180281693257712  0.273351391843869084841145422615  1.905893805224659232067097036634  0.878345744382525328575184175861 -0.225703754844379878008453488292  1.902273349637544574974867828132 -0.902653396730909385325958282920  0.157384147467000135023340590124
18
 0.000000000000000000000000000000  0.000000000000000000000000000000  0.000000000000000000000000000000  1.327509616750281340458172962826  0.000000000000000000000000000000  0.000000000000000000000000000000 -0.618774827407674310464358313766  0.998106578255428811274896361283  0.000000000000000000000000000000 -0.590629096943360520910459854349 -0.909287310984349006481863852969  0.000019863812794152186318565392  1.903674272232140474159223231254  0.919837663281945716597931550496 -0.000017461606705111660858484313  1.898078795512343708296043587325 -0.924317534175802091311879848945  0.000013049356546920710915116529
18
 0.000000000000000000000000000000  0.000000000000000000000000000000  0.000000000000000000000000000000  1.331448645691806431656800668861  0.000000000000000000000000000000  0.000000000000000000000000000000 -0.577066803509414416595291186241  0.920623836524865790664762243978  0.000000000000000000000000000000 -0.548305802230902639138321319479 -0.876852982978568729066637388314  0.273351394978589512518851734058  1.905893807586896082639782434853  0.878345747228401196871061529237 -0.225703743804958917307246224482  1.902273349005507707687456786516 -0.902653391205850197387405842164  0.157384161980605674635569357633
18
 0.000000000000000000000000000000  0.000000000000000000000000000000  0.000000000000000000000000000000  1.327509621462338973429950783611  0.000000000000000000000000000000  0.000000000000000000000000000000 -0.576164964077674146558649681538  0.919839789397248863700440324465  0.000000000000000000000000000000 -0.570567869107093672553787655488 -0.924316734764064840135233680485  0.000004996922945186934324321350  1.946285119762355853012536499591  0.998107065090835243736933080072  0.000002089143325228268996190603  1.918139950046424457852367595478 -0.909287895516738831069858406408  0.000005738829908365437622969844
18
 0.000000000000000000000000000000  0.000000000000000000000000000000  0.000000000000000000000000000000  1.331448748650518432157241477398  0.000000000000000000000000000000  0.000000000000000000000000000000 -0.577066841849818934484517285455  0.920623864396271085475120798947  0.000000000000000000000000000000 -0.548304379785955142700970554870 -0.876850322598715647970379905018 -0.273360001981326539155503496659  1.905894167333886946025245379133  0.878343841170135863904988582362  0.225709023662699598267167289123  1.902273301840429198250603803899 -0.902652738496503959098049563181 -0.157387732742998859292171687230
18
 0.000000000000000000000000000000  0.000000000000000000000000000000  0.000000000000000000000000000000  1.331448748678871973893933500221  0.000000000000000000000000000000  0.000000000000000000000000000000 -0.577066841987782130907191913138  0.920623864299409677691699016577  0.000000000000000000000000000000 -0.548304379511151962489634570375 -0.876850322837380402596352269029 -0.273360001807189112454921087192  1.905894167366573244137839537871  0.878343841045878370721311512170  0.225709023748747100723832659241  1.902273301793399928882877247815 -0.902652738547434663196611381863 -0.157387732678153063892168006532
18
 0.000000000000000000000000000000  0.000000000000000000000000000000  0.000000000000000000000000000000  1.331448645705711530951020904467  0.000000000000000000000000000000  0.000000000000000000000000000000 -0.577066803251713666966793425672  0.920623836704146047971164534829  0.000000000000000000000000000000 -0.548305802577876755243835305009 -0.876852982577999151558856283373  0.273351395233050797894946981614  1.905893807596803712911537331820  0.878345747423343037318943515857 -0.225703743471137946441373856032  1.902273349103549282546055110288 -0.902653391232649982001134958409  0.157384161779498682465217029858
18
 0.000000000000000000000000000000  0.000000000000000000000000000000  0.000000000000000000000000000000  1.327509621264167494203434216615  0.000000000000000000000000000000  0.000000000000000000000000000000 -0.576164964109692978588839196163  0.919839789425901832586873752007  0.000000000000000000000000000000 -0.570567869267814331557531204453 -0.924316734656943750358948364010  0.000004996789444325027287430261  1.946285118592834040285310948093  0.998107065706397511561931423785  0.000002089171959549280403517415  1.918139950183586739385077635234 -0.909287895273487523084554595698  0.000005738710094005794748472666
18
 0.000000000000000000000000000000  0.000000000000000000000000000000  0.000000000000000000000000000000  1.331448748689533445599408878479  0.000000000000000000000000000000  0.000000000000000000000000000000 -0.577066842040645844313928591873  0.920623864259439650403749055840  0.000000000000000000000000000000 -0.548304379412926756742763245711 -0.876850322926230552056381384318 -0.273360001733182145233769233528  1.905894167411429807046374662605  0.878343841006420489314621136145  0.225709023755667564925531110021  1.902273301773137470505048440828 -0.902652738523548991977918376506 -0.157387732748968001139644456998
18
 0.000000000000000000000000000000  0.000000000000000000000000000000  0.000000000000000000000000000000  1.331448645709275568904672581994  0.000000000000000000000000000000  0.000000000000000000000000000000 -0.577066803523175186896310151496  0.920623836513418059013247329858  0.000000000000000000000000000000 -0.548305802120538254840198533202 -0.876852982998422403326799212664  0.273351395014687414963816536329  1.905893807780336013379951509705  0.878345747147225242024148883502 -0.225703743702864750853009923048  1.902273348883877668313857611793 -0.902653391346408096040931923199  0.157384161856187310135624102259
18
 0.000000000000000000000000000000  0.000000000000000000000000000000  0.000000000000000000000000000000  1.331448748650065461163194413530  0.000000000000000000000000000000  0.000000000000000000000000000000 -0.577066841800155438946262620448  0.920623864432012384284576000937  0.000000000000000000000000000000 -0.548304379820396925460102011129 -0.876850322464249543052972057922 -0.273360002029860105210445908597  1.905894167402554462142916236189  0.878343841250119328201151347457  0.225709023405921277438679339866  1.902273301812153372125635542034 -0.902652738518851305293821951636 -0.157387732724419832086582005104
18
 0.000000000000000000000000000000  0.000000000000000000000000000000  0.000000000000000000000000000000  1.331448748637655610238539338752  0.000000000000000000000000000000  0.000000000000000000000000000000 -0.577066842166152116355704038142  0.920623864159066163104228053271  0.000000000000000000000000000000 -0.548304378674376757807351623342 -0.876850322249709046573684645409 -0.273360001170394162350874012191  1.905894167620766355142336578865  0.878343841936814362370000708324  0.225709019057927728901802311157  1.902273301897205559640724459314 -0.902652737874541033491482266982 -0.157387732862143858714176758440
18
 0.000000000000000000000000000000  0.000000000000000000000000000000  0.000000000000000000000000000000  1.331448645688889875771110382630  0.000000000000000000000000000000  0.000000000000000000000000000000 -0.577066803546899098620315271546  0.920623836495630176735005534283  0.000000000000000000000000000000 -0.548305801571137174654779755656 -0.876852982377631651189631156740  0.273351395336034308503059264694  1.905893808004152978341494417691  0.878345748053337760374859044532 -0.225703739936425257228691521050  1.902273349048226425139773709816 -0.902653390906243968672129085462  0.157384162018013057382503916415
18
 0.000000000000000000000000000000  0.000000000000000000000000000000  0.000000000000000000000000000000  1.331448748668916826076724646555  0.000000000000000000000000000000  0.000000000000000000000000000000 -0.577066841756736170765407223371  0.920623864459260365933346292877  0.000000000000000000000000000000 -0.548304379894086535429664763797 -0.876850322509361679301775893691 -0.273360001823680698329610549990  1.905894167163672436871024729044  0.878343841222828825010537912021  0.225709023663814040139286021258  1.902273301928963711304731987184 -0.902652738495082096470412125200 -0.157387732516119538406229594329
18
 0.000000000000000000000000000000  0.000000000000000000000000000000  0.000000000000000000000000000000  1.331448645717361545237622522109  0.000000000000000000000000000000  0.000000000000000000000000000000 -0.577066803684161744314451425453  0.920623836396830319550588228594  0.000000000000000000000000000000 -0.548305801798458336548947045230 -0.876852983156150234123060727143  0.273351394923241064471852723727  1.905893807805565831614558192086  0.878345747206265681228387620649 -0.225703743329170675169237370028  1.902273348974142130884956713999 -0.902653391202184574027000962815  0.157384162019512829910894424756
18
 0.000000000000000000000000000000  0.000000000000000000000000000000  0.000000000000000000000000000000  1.331448645624765836359415516199  0.000000000000000000000000000000  0.000000000000000000000000000000 -0.577066803538490713521014185972  0.920623836483091761984098866378  0.000000000000000000000000000000 -0.548305801772021261797362967627 -0.876852982917676548879626352573  0.273351394876564957048259429939  1.905893807505234516241898745648  0.878345746683450001590642841620 -0.225703744542578632614748812557  1.902273349121331280642266392533 -0.902653392590097580772123819770  0.157384157736606994371086898354
18
 0.000000000000000000000000000000  0.000000000000000000000000000000  0.000000000000000000000000000000  1.331448645718735335208293690812  0.000000000000000000000000000000  0.000000000000000000000000000000 -0.577066803397637495542937813298  0.920623836590582445005281897465  0.000000000000000000000000000000 -0.548305802262598840357554763614 -0.876852982801463176620870854094  0.273351394951495796359353107619  1.905893807476550572133078276238  0.878345747360253503721594370290 -0.225703743526087075021990813184  1.902273349009853786739654424309 -0.902653391236258872964981492260  0.157384160837328201942852956563
18
 0.000000000000000000000000000000  0.000000000000000000000000000000  0.000000000000000000000000000000  1.331448645584624390636463431292  0.000000000000000000000000000000  0.000000000000000000000000000000 -0.577066803313902698668869106768  0.920623836626029645735513895488  0.000000000000000000000000000000 -0.548305801548656379651447423385 -0.876852982444405570916501346801  0.273351394703260031082692194104  1.905893807537051509726211406814  0.878345746079376876735977930366 -0.225703744746986706415370349532  1.902273349377634259482761081017 -0.902653394294701372224665192334  0.157384152417097522569378043045
18
 0.000000000000000000000000000000  0.000000000000000000000000000000  0.000000000000000000000000000000  1.331448748669987747206278072554  0.000000000000000000000000000000  0.000000000000000000000000000000 -0.577066841608859015799737335328  0.920623864565164318207735050237  0.000000000000000000000000000000 -0.548304380161112381308896601695 -0.876850322296384043774253314041 -0.273360001819846043513706490558  1.905894167184833731809590062767  0.878343841232883004721543329651  0.225709023646791906436703811778  1.902273301917458470100541489956 -0.902652738547333299834463105071 -0.157387732413704267697696081996
18
 0.000000000000000000000000000000  0.000000000000000000000000000000  0.000000000000000000000000000000  1.331448645656783780211185330700  0.000000000000000000000000000000  0.000000000000000000000000000000 -0.577066803560506214054726115137  0.920623836476861967526019725483  0.000000000000000000000000000000 -0.548305801913297141680914137396 -0.876852982998480134924079720804  0.273351394873565689547234569545  1.905893807684670981927865796024  0.878345746826965645404072802194 -0.225703744311498699648410592999  1.902273349007204350513688950741 -0.902653392029482470881873723556  0.157384159593802669396822579984
18
 0.000000000000000000000000000000  0.000000000000000000000000000000  0.000000000000000000000000000000  1.331448645579763834234654495958  0.000000000000000000000000000000  0.000000000000000000000000000000 -0.577066803092976199351937793836  0.920623836778472703912257202319  0.000000000000000000000000000000 -0.548305801750216259549119968142 -0.876852982098991873272098018788  0.273351394813053205634645337341  1.905893807408943096959319518646  0.878345745969840274725015660806 -0.225703745023352997378651707550  1.902273349445373407107240382174 -0.902653394946682841037954858621  0.157384150431480546172835488505
18
 0.000000000000000000000000000000  0.000000000000000000000000000000  0.000000000000000000000000000000  1.331448645721732937374781613471  0.000000000000000000000000000000  0.000000000000000000000000000000 -0.577066803693448204803928547335  0.920623836390020100495235055860  0.000000000000000000000000000000 -0.548305801861015074116778578173 -0.876852983297488730585200755741  0.273351394879732201292910076518  1.905893807696728003975294996053  0.878345747090523931710492888669 -0.225703743974198123289909290179  1.902273348961029730830318840162 -0.902653391232581148173608198704  0.157384162023216950254678181409
18
 0.000000000000000000000000000000  0.000000000000000000000000000000  0.000000000000000000000000000000  1.331448645713570799742342387617  0.000000000000000000000000000000  0.000000000000000000000000000000 -0.577066803418447182849604359944  0.920623836589528732332610161393  0.000000000000000000000000000000 -0.548305802348930004797011861228 -0.876852982854601559203899796557  0.273351395048666678810889152373  1.905893807693838537531405563641  0.878345747208592264598792098695 -0.225703743817803753612949435592  1.902273348949994113965544784151 -0.902653391322514431216461616714  0.157384161805547734269694615250
18
 0.000000000000000000000000000000  0.000000000000000000000000000000  0.000000000000000000000000000000  1.331448645711976519478980662825  0.000000000000000000000000000000  0.000000000000000000000000000000 -0.577066803579675768887113918026  0.920623836472307166545192558260  0.000000000000000000000000000000 -0.548305802037866163445301026513 -0.876852983089683735151709242928  0.273351394931246161057458721189  1.905893807749730495260109819355  0.878345747125167886082408585935 -0.225703743852308513773152753856  1.902273348876114988925678517262 -0.902653391336789900911696804542  0.157384161875447653455850627324
18
 0.000000000000000000000000000000  0.000000000000000000000000000000  0.000000000000000000000000000000  1.327509621592704691650510540057  0.000000000000000000000000000000  0.000000000000000000000000000000 -0.576164963882090375157929429406  0.919839789429889420624419926753  0.000000000000000000000000000000 -0.570567869173834063545314165822 -0.924316735004263811958935548319  0.000004966535601336111652853982  1.946285119836353549871432733198  0.998107065118950531612540544302  0.000002094111666681017200249961  1.918139947114682719586653547594 -0.909287895127883438739502253156  0.000005689035176171173279239483
18
 0.000000000000000000000000000000  0.000000000000000000000000000000  0.000000000000000000000000000000  1.331448645725627155655956812552  0.000000000000000000000000000000  0.000000000000000000000000000000 -0.577066803434497677116610248049  0.920623836576484833038591659715  0.000000000000000000000000000000 -0.548305802178100987198661186994 -0.876852982793139723582953592995  0.273351395111074590982269683082  1.905893807636779735403820268402  0.878345747445286484378357272362 -0.225703743203169937547869494665  1.902273348998883228944123402471 -0.902653391214811917642180105759  0.157384161882981543634230092721
18
 0.000000000000000000000000000000  0.000000000000000000000000000000  0.000000000000000000000000000000  1.331448645717930867604650302383  0.000000000000000000000000000000  0.000000000000000000000000000000 -0.577066803471945388714914315642  0.920623836547949769837373423798  0.000000000000000000000000000000 -0.548305802219605453728945576586 -0.876852982959045901267813860613  0.273351394996735441722535142617  1.905893807668994632820158585673  0.878345747210879990163334696263 -0.225703743853050253775904820941  1.902273349041428085470784026256 -0.902653391252697279156791410060  0.157384161846918751992419061025
18
 0.000000000000000000000000000000  0.000000000000000000000000000000  0.000000000000000000000000000000  1.334621735186422686325613540248  0.000000000000000000000000000000  0.000000000000000000000000000000 -0.683062275319322731448323793302  0.815894812174735584164864121703  0.000000000000000000000000000000 -0.486670393463882522411267927964 -0.960786090718073637617635540664 -0.000009296710085087538653122324  2.017681694894153388020185957430  0.815896500438671568034010306292  0.000012758292930499573120182825  1.821299749926192701465765821922 -0.960784938617654682424529255513 -0.000006751507812021713300404575
18
 0.000000000000000000000000000000  0.000000000000000000000000000000  0.000000000000000000000000000000  1.331448748439499452089762598916  0.000000000000000000000000000000  0.000000000000000000000000000000 -0.577066839682621068874368575052  0.920623865831762033806739964348  0.000000000000000000000000000000 -0.548304379159312738067910686368 -0.876850318034191000826638173749 -0.273359999657383778703945154120  1.905894166778288933983276365325  0.878343838224342476905803778209  0.225709018786339782325356395631  1.902273304231079098514101133333 -0.902652748102912294569932782906 -0.157387694905774089271233151521
18
 0.000000000000000000000000000000  0.000000000000000000000000000000  0.000000000000000000000000000000  1.331448645711241107747468959133  0.000000000000000000000000000000  0.000000000000000000000000000000 -0.577066803446097176255591421068  0.920623836567344699943760133465  0.000000000000000000000000000000 -0.548305802244011819546187780361 -0.876852982891050292124646148295  0.273351395122702511830681260108  1.905893807692024655153772982885  0.878345747263623022327294620482 -0.225703743702445225327579692021  1.902273348949876430324934517557 -0.902653391295961227136501747736  0.157384161867264699141699679785
18
 0.000000000000000000000000000000  0.000000000000000000000000000000  0.000000000000000000000000000000  1.331448748118258418315917879227  0.000000000000000000000000000000  0.000000000000000000000000000000 -0.577066843719452049477069977002  0.920623863371164863345086359914  0.000000000000000000000000000000 -0.548304375743508876084320036171 -0.876850316158422016243889629550 -0.273359980231728472155339204619  1.905894169672051274844193358149  0.878343843602833351802416927967  0.225708977054524945193847429437  1.902273300251677401462302441359 -0.902652733073052160328586523974 -0.157387727871305643789767714225
18
 0.000000000000000000000000000000  0.000000000000000000000000000000  0.000000000000000000000000000000  1.331448748681225202616928982025  0.000000000000000000000000000000  0.000000000000000000000000000000 -0.577066841919333883836884524499  0.920623864344479514443264633883  0.000000000000000000000000000000 -0.548304379606696534743548454571 -0.876850322748684574136746050499 -0.273360001737083802009209421158  1.905894167348668011285894863249  0.878343841061043462126178837934  0.225709023689972670956294109601  1.902273301819065842721556691686 -0.902652738543976873586416331818 -0.157387732612413205890433687273
18
 0.000000000000000000000000000000  0.000000000000000000000000000000  0.000000000000000000000000000000  1.331448645728815272093470412074  0.000000000000000000000000000000  0.000000000000000000000000000000 -0.577066803675119865957299225556  0.920623836404993567406052079605  0.000000000000000000000000000000 -0.548305801870539455400432871102 -0.876852983250905326784163662523  0.273351394932650260116702156665  1.905893807739426959457773591566  0.878345747095384155045394436456 -0.225703743999752098892130902641  1.902273348902053795583810824610 -0.902653391325638820852361732250  0.157384161905944175430249742931
18
 0.000000000000000000000000000000  0.000000000000000000000000000000  0.000000000000000000000000000000  1.331448645666253316477423140896  0.000000000000000000000000000000  0.000000000000000000000000000000 -0.577066803657395377413763526420  0.920623836410152995846090107079  0.000000000000000000000000000000 -0.548305801801876713241767902218 -0.876852983139508213028534555633  0.273351394952558057749314457396  1.905893807730604905259497172665  0.878345746903000157423946347990 -0.225703744061203470661070014103  1.902273348944156339257460786030 -0.902653391788798775685620512377  0.157384160394720723497030689941
18
 0.000000000000000000000000000000  0.000000000000000000000000000000  0.000000000000000000000000000000  1.331448645710716416346031110152  0.000000000000000000000000000000  0.000000000000000000000000000000 -0.577066803442094267140305419161  0.920623836567718623058453886188  0.000000000000000000000000000000 -0.548305802277535447863954232162 -0.876852982915718448531094963982  0.273351394979646611371748576857  1.905893807580460563855240252451  0.878345747229015705315191553382 -0.225703743899105496728552111563  1.902273349016616821316461027891 -0.902653391301260543677642544935  0.157384161745038830826359799175
18
 0.000000000000000000000000000000  0.000000000000000000000000000000  0.000000000000000000000000000000  1.327509593669049303699125630374  0.000000000000000000000000000000  0.000000000000000000000000000000 -0.570569568539172400356562775414  0.924318478007068233814891300426  0.000000000000000000000000000000 -0.576163559191745222598513009871 -0.919838001936193916385775537492  0.000009424231555945645078930378  1.918140072209864932517575653037  0.909286629626352094213359578134 -0.000011163128278289252630459290  1.946284778067387533084797723859 -0.998106779879992411785849526495 -0.000001426326745321172591865954
18
 0.000000000000000000000000000000  0.000000000000000000000000000000  0.000000000000000000000000000000  1.331448748670051029918681706476  0.000000000000000000000000000000  0.000000000000000000000000000000 -0.577066841653324336114394554897  0.920623864533747893190707145550  0.000000000000000000000000000000 -0.548304380052998974193201320304 -0.876850322367555556901663749159 -0.273360001844800026837845052796  1.905894167107210046552268067899  0.878343841293497629152398076258  0.225709023625293270232106124240  1.902273301961832974171784371720 -0.902652738489543415845162144251 -0.157387732465758461986027327839
18
 0.000000000000000000000000000000  0.000000000000000000000000000000  0.000000000000000000000000000000  1.331448748673661475194762715546  0.000000000000000000000000000000  0.000000000000000000000000000000 -0.577066841659903184691415845009  0.920623864531751712192431114090  0.000000000000000000000000000000 -0.548304380061171880988979410176 -0.876850322340389620734413256287 -0.273360001918425132849677083868  1.905894167251946047514366000541  0.878343841229432431561008343124  0.225709023515831358475125512086  1.902273301878037337075966206612 -0.902652738572183865883857833978 -0.157387732450821826724052243662
18
 0.000000000000000000000000000000  0.000000000000000000000000000000  0.000000000000000000000000000000  1.331448645704725874949758690491  0.000000000000000000000000000000  0.000000000000000000000000000000 -0.577066803246965465135076556180  0.920623836707336606899332309695  0.000000000000000000000000000000 -0.548305802602551906055339259183 -0.876852982605993980236291918118  0.273351395106425643088954302584  1.905893807537623718673103212495  0.878345747350826044907989853527 -0.225703743701969272716922887412  1.902273349047194805905292014359 -0.902653391322253195738767317380  0.157384161632227126403904549079
18
 0.000000000000000000000000000000  0.000000000000000000000000000000  0.000000000000000000000000000000  1.331448748730405640117169241421  0.000000000000000000000000000000  0.000000000000000000000000000000 -0.577066839604220005455204045575  0.920623868956317203959827111248  0.000000000000000000000000000000 -0.548304390257495111171692769858 -0.876850334815550969125297342543 -0.273359965782615399465527161738  1.905894168381528475109121245623  0.878343819072222919963621734496  0.225709044966312694091570278943  1.902273296548308012532402244688 -0.902652729092987771153389076062 -0.157387753180352307769140907112
18
 0.000000000000000000000000000000  0.000000000000000000000000000000  0.000000000000000000000000000000  1.331448645112933704126589873340  0.000000000000000000000000000000  0.000000000000000000000000000000 -0.577066802807573164812993127271  0.920623837058278993161763992248  0.000000000000000000000000000000 -0.548305793500789229177883044031 -0.876852969647007429720986237953  0.273351405903268895869473453786  1.905893815380048872398788262217  0.878345765344152429321411545970 -0.225703678362914411659190250248  1.902273350307591925911765429191 -0.902653383454083524384259362705  0.157384169217132496854105738748
18
 0.000000000000000000000000000000  0.000000000000000000000000000000  0.000000000000000000000000000000  1.327509594799743508630740507215  0.000000000000000000000000000000  0.000000000000000000000000000000 -0.570569576201501060808141119196  0.924318470568272210208249362040  0.000000000000000000000000000000 -0.576163541777284349265642049431 -0.919837981011282557197716869268  0.000009496110163861240375301337  1.918140076694120343958616103919  0.909286616498701572020024741505 -0.000011227482337921418806768979  1.946284778048454899845864929375 -0.998106780415910499471010552952 -0.000001416150750915494338288492
18
 0.000000000000000000000000000000  0.000000000000000000000000000000  0.000000000000000000000000000000  1.331448748676051563322175752546  0.000000000000000000000000000000  0.000000000000000000000000000000 -0.577066841875367164682586462732  0.920623864378310119427339941467  0.000000000000000000000000000000 -0.548304379677108211232905432553 -0.876850322648316193863138323650 -0.273360001788570561309654749493  1.905894167278791906383617060783  0.878343841147218529208373638539  0.225709023581354584209179847676  1.902273301791948867389692168217 -0.902652738566709467171733649593 -0.157387732569404248383904132425
18
 0.000000000000000000000000000000  0.000000000000000000000000000000  0.000000000000000000000000000000  1.331448748680133853383722453145  0.000000000000000000000000000000  0.000000000000000000000000000000 -0.577066841771542216044110773510  0.920623864450452633612087538495  0.000000000000000000000000000000 -0.548304379857311730006586003583 -0.876850322504433843384674673871 -0.273360001922977824406757463294  1.905894167318958887236135524290  0.878343841186765672546243877150  0.225709023508300077320853915808  1.902273301877477340582345277653 -0.902652738536822929482639210619 -0.157387732573340904940195628114
18
 0.000000000000000000000000000000  0.000000000000000000000000000000  0.000000000000000000000000000000  1.331448645727657531523391298833  0.000000000000000000000000000000  0.000000000000000000000000000000 -0.577066803713868758940463976614  0.920623836375764503792140658334  0.000000000000000000000000000000 -0.548305801802134062938876013504 -0.876852983296678267777224391466  0.273351394971579619852519726919  1.905893807830846720108297631668  0.878345747050374048292553652573 -0.225703743875633799920166211450  1.902273348861962753986176721810 -0.902653391329155008193652065529  0.157384161960798851787046714890
18
 0.000000000000000000000000000000  0.000000000000000000000000000000  0.000000000000000000000000000000  1.331448644620079058142891881289  0.000000000000000000000000000000  0.000000000000000000000000000000 -0.577066802656057586951021676214  0.920623837222353413878295214090  0.000000000000000000000000000000 -0.548305786254264626577992203238 -0.876852959195575154538460083131  0.273351410262534066930584231159  1.905893822319986385949164287013  0.878345777834900753866520517477 -0.225703621525845388173792116504  1.902273351374145660130920987285 -0.902653377077880847423330124002  0.157384172109309133924526236115
18
 0.000000000000000000000000000000  0.000000000000000000000000000000  0.000000000000000000000000000000  1.331448645421591026050123218738  0.000000000000000000000000000000  0.000000000000000000000000000000 -0.577066798611702957977342975937  0.920623839756981920956491194374  0.000000000000000000000000000000 -0.548305801012326954335662776430 -0.876852974228998993666550632042  0.273351392345157262475652260036  1.905893804849960293523736254429  0.878345738329223579832216728391 -0.225703752138044722030940647528  1.902273352894564562021173514950 -0.902653420069863376973273716430  0.157384069806963178272951608960
18
 0.000000000000000000000000000000  0.000000000000000000000000000000  0.000000000000000000000000000000  1.331448747939665278039456097758  0.000000000000000000000000000000  0.000000000000000000000000000000 -0.577066840875567033108950454334  0.920623865040029021322709468222  0.000000000000000000000000000000 -0.548304372217688795743129048788 -0.876850311358586043120055819600 -0.273360016312345688316298719656  1.905894174453944378555547700671  0.878343857253428117459748136753  0.225708979310246554694785459105  1.902273303690882766403547066147 -0.902652734062547534854559216910 -0.157387736704181713243144713488
18
 0.000000000000000000000000000000  0.000000000000000000000000000000  0.000000000000000000000000000000  1.337080898421470154247003847559  0.000000000000000000000000000000  0.000000000000000000000000000000 -0.575240568490387405020669575606  0.921650479979519654527564398450  0.000000000000000000000000000000 -0.575291816717448667439782639121 -0.920543657395155534572950273287 -0.023258877214292199286926887680  1.857360801995546317755270138150  0.914829766069024996610892230819  0.165367931886498731319790067573  1.859335976749054930579063693585 -0.909047991256059617626306135207  0.177107173552362329171927513016
18
 0.000000000000000000000000000000  0.000000000000000000000000000000  0.000000000000000000000000000000  1.331448748672390491876171836338  0.000000000000000000000000000000  0.000000000000000000000000000000 -0.577066841843093314423640549649  0.920623864400084701564708211663  0.000000000000000000000000000000 -0.548304379739943614779917879787 -0.876850322624450173591981183563 -0.273360001844258515557584132694  1.905894167284186480060270696413  0.878343841148117143724505240243  0.225709023605060427053459193303  1.902273301802248850478349595505 -0.902652738544797772490824172564 -0.157387732610895836327102870200
18
 0.000000000000000000000000000000  0.000000000000000000000000000000  0.000000000000000000000000000000  1.331448645713341649710059755307  0.000000000000000000000000000000  0.000000000000000000000000000000 -0.577066803712946607696210321592  0.920623836375201398674050778936  0.000000000000000000000000000000 -0.548305801818800508939943938458 -0.876852983308698097353328648751  0.273351394895127886019992047295  1.905893807732110811770098734996  0.878345747050724545701427814492 -0.225703744069443240638506154028  1.902273348908936956291881870129 -0.902653391327262299981271098659  0.157384161841251951630127337012
18
 0.000000000000000000000000000000  0.000000000000000000000000000000  0.000000000000000000000000000000  1.331448748673119242269535789092  0.000000000000000000000000000000  0.000000000000000000000000000000 -0.577066841610683001206894005009  0.920623864564729332826686913904  0.000000000000000000000000000000 -0.548304380170924754445138660230 -0.876850322300816609200069251528 -0.273360001819896170083268316375  1.905894167238527225904931583500  0.878343841194422547680176194262  0.225709023660121577137260828749  1.902273301898202317872232924856 -0.902652738562752632311969591683 -0.157387732418319298277609163961
18
 0.000000000000000000000000000000  0.000000000000000000000000000000  0.000000000000000000000000000000  1.331448645704373934250952515868  0.000000000000000000000000000000  0.000000000000000000000000000000 -0.577066803656015703261061844387  0.920623836416245455716023116111  0.000000000000000000000000000000 -0.548305801736688747105574748275 -0.876852982943443048924336835626  0.273351395138860919775680713428  1.905893807922456328896032573539  0.878345747465226756034439858922 -0.225703742421793612793479155698  1.902273348931514673765263978567 -0.902653391099081492399136550375  0.157384162197705373964495834116
18
 0.000000000000000000000000000000  0.000000000000000000000000000000  0.000000000000000000000000000000  1.331448748684243454931674932595  0.000000000000000000000000000000  0.000000000000000000000000000000 -0.577066842051486172948671082850  0.920623864250969980993488661625  0.000000000000000000000000000000 -0.548304379402221209183210248739 -0.876850322987452024392496241489 -0.273360001617517500704934718669  1.905894167269083894211689766962  0.878343840980548185015663875674  0.225709024029903809749342258328  1.902273301816793438234753921279 -0.902652738547414790204470591561 -0.157387732616166259314027797700
18
 0.000000000000000000000000000000  0.000000000000000000000000000000  0.000000000000000000000000000000  1.331448645193132662711832381319  0.000000000000000000000000000000  0.000000000000000000000000000000 -0.577066796054094055534733342938  0.920623841446417068290486440674  0.000000000000000000000000000000 -0.548305799466139665021557902946 -0.876852969350575883744625116378  0.273351390703205909815665108908  1.905893804461366247693376863026  0.878345732002745571698199000821 -0.225703756339870026392802060400  1.902273356457069075631238774804 -0.902653438266134866552192761446  0.157384018691166333026032475573
18
 0.000000000000000000000000000000  0.000000000000000000000000000000  0.000000000000000000000000000000  1.331448645741198033576324633032  0.000000000000000000000000000000  0.000000000000000000000000000000 -0.577066803402500161368493536429  0.920623836605002465738323280675  0.000000000000000000000000000000 -0.548305801552214755467673512612 -0.876852982043019646418713364255  0.273351394587631912891367846896  1.905893808183931836808255866345  0.878345747755456152106035006000 -0.225703738258659164506170213826  1.902273349105031208239324769238 -0.902653391248962932991162233520  0.157384160266735850797203966067
18
 0.000000000000000000000000000000  0.000000000000000000000000000000  0.000000000000000000000000000000  1.331448748650807978322063718224  0.000000000000000000000000000000  0.000000000000000000000000000000 -0.577066841831290977538060360530  0.920623864405612502004316866078  0.000000000000000000000000000000 -0.548304379877048719826859723980 -0.876850322641007595692030918144 -0.273360001704244404141519453333  1.905894167252000226397967708181  0.878343841043002893087532356731  0.225709024077701575494714347769  1.902273301910222258470639644656 -0.902652738516739105989472591318 -0.157387732577814631884649543281
18
 0.000000000000000000000000000000  0.000000000000000000000000000000  0.000000000000000000000000000000  1.331448748668423442964581226988  0.000000000000000000000000000000  0.000000000000000000000000000000 -0.577066841640681560399173122278  0.920623864544638625950767618633  0.000000000000000000000000000000 -0.548304380050361639398204260942 -0.876850322297669904081374170346 -0.273360002015893943649871289381  1.905894167212742518202617247880  0.878343841318724116717930883169  0.225709023322200691419325835341  1.902273301919154890882168729149 -0.902652738527911280286275541584 -0.157387732483665665483840712113
18
 0.000000000000000000000000000000  0.000000000000000000000000000000  0.000000000000000000000000000000  1.331735916179760170763302085106  0.000000000000000000000000000000  0.000000000000000000000000000000 -0.718637376381186410156942656613  0.774749984753918874424982732307  0.000000000000000000000000000000 -0.464036786528720823774563086772 -0.972352862263940909137716062105 -0.000046652912103611178875912230  1.928116007025665767926625449036  0.907325046131494117318538883410  0.000029316691996694384280460616  1.886454011167447264440966137045 -0.932305386522142898186871207145 -0.000027566565580903722030214550
18
 0.000000000000000000000000000000  0.000000000000000000000000000000  0.000000000000000000000000000000  1.331448748673257131969194233534  0.000000000000000000000000000000  0.000000000000000000000000000000 -0.577066841637966843059359689505  0.920623864546133319208820466883  0.000000000000000000000000000000 -0.548304380059168705585648240231 -0.876850322272238136278588171990 -0.273360002045595518183063177275  1.905894167292512486611144595372  0.878343841299321415050371797406  0.225709023268646169491091768577  1.902273301874434219271847723576 -0.902652738564352907779664292320 -0.157387732483956405138414424982
18
 0.000000000000000000000000000000  0.000000000000000000000000000000  0.000000000000000000000000000000  1.337080898395993644456325455394  0.000000000000000000000000000000  0.000000000000000000000000000000 -0.575240568905384108688849664759  0.921650479733201244414431130281  0.000000000000000000000000000000 -0.575291816370216979592555617273 -0.920543657613187904509288728150 -0.023258877225622229950596775438  1.857360804207674576105091546196  0.914829764842110093603366749448  0.165367932483775986751695086241  1.859335973016869481000412633875 -0.909047993730173309323561170459  0.177107172796677619919236690293
18
 0.000000000000000000000000000000  0.000000000000000000000000000000  0.000000000000000000000000000000  1.331448645718466883280939327960  0.000000000000000000000000000000  0.000000000000000000000000000000 -0.577066803686554052887913712766  0.920623836392829297814444089454  0.000000000000000000000000000000 -0.548305801792128399974046715215 -0.876852983186992895880962350930  0.273351395152588994008624467824  1.905893807799696304527969914488  0.878345747238048146776634439448 -0.225703743629339870224725927983  1.902273348970727973039629432606 -0.902653391248786962641759146209  0.157384162021039469836480861886
18
 0.000000000000000000000000000000  0.000000000000000000000000000000  0.000000000000000000000000000000  1.331448748547976013156812769012  0.000000000000000000000000000000  0.000000000000000000000000000000 -0.577066842372819466255862153048  0.920623864085822418701354763471  0.000000000000000000000000000000 -0.548304378565944605661286459508 -0.876850321399480936435111289029 -0.273359997550530475773911120996  1.905894167339568623376067080244  0.878343842222359616478399857442  0.225709011666415049202072395929  1.902273302277924571512812690344 -0.902652736349882411914791191521 -0.157387732884463643623362827384
18
 0.000000000000000000000000000000  0.000000000000000000000000000000  0.000000000000000000000000000000  1.331448645555122878292308996606  0.000000000000000000000000000000  0.000000000000000000000000000000 -0.577066803337421108111016110342  0.920623836656720317961344335345  0.000000000000000000000000000000 -0.548305800219769157166638251510 -0.876852979689868194945745472069  0.273351396537835411582051392543  1.905893809574474628831808331597  0.878345751118363771148267460376 -0.225703726943922322600855068231  1.902273349297078919306613897788 -0.902653389422924168350448326237  0.157384163094978851704652811350
18
 0.000000000000000000000000000000  0.000000000000000000000000000000  0.000000000000000000000000000000  1.331448645680014086778442106151  0.000000000000000000000000000000  0.000000000000000000000000000000 -0.577066803371905412411990710098  0.920623836619710367301649966976  0.000000000000000000000000000000 -0.548305802284071996943737303809 -0.876852982628552823918255398894  0.273351395339702041287210931841  1.905893807716175558653048938140  0.878345747499157725179941280658 -0.225703743007293233802101894980  1.902273348955703990981191964238 -0.902653391270312632777006456308  0.157384161882147016742194978178
18
 0.000000000000000000000000000000  0.000000000000000000000000000000  0.000000000000000000000000000000  1.331448644802349257076912181219  0.000000000000000000000000000000  0.000000000000000000000000000000 -0.577066802687318469722299596469  0.920623837190059801649510973220  0.000000000000000000000000000000 -0.548305789433482626549221095047 -0.876852963370070903614816870686  0.273351407614128349976567733393  1.905893820010889916360952156538  0.878345772044493822150457162934 -0.225703643670217030114955036879  1.902273350805243401495658872591 -0.902653379814332801345244661206  0.157384170805948936378015901028
18
 0.000000000000000000000000000000  0.000000000000000000000000000000  0.000000000000000000000000000000  1.331448748663291326010948978364  0.000000000000000000000000000000  0.000000000000000000000000000000 -0.577066841614735315246775826381  0.920623864563075322564600355690  0.000000000000000000000000000000 -0.548304380129083779316090385691 -0.876850322264497772373204043106 -0.273360001931857721224616852851  1.905894167246690473760395434510  0.878343841239765388273497137561  0.225709023466539288049759193200  1.902273301776369329729732271517 -0.902652738641457896839881414053 -0.157387732390484536004748861160
18
 0.000000000000000000000000000000  0.000000000000000000000000000000  0.000000000000000000000000000000  1.331448748670475135114088516275  0.000000000000000000000000000000  0.000000000000000000000000000000 -0.577066841777706507343737030169  0.920623864449636286622080660891  0.000000000000000000000000000000 -0.548304379891867754714951388451 -0.876850322532186421398137099459 -0.273360001792433582323837981676  1.905894167328036736819285579259  0.878343841100785560627173254034  0.225709023704499078810670198436  1.902273301764463742102861942840 -0.902652738592458425692655055173 -0.157387732540016866966681163831
18
 0.000000000000000000000000000000  0.000000000000000000000000000000  0.000000000000000000000000000000  1.327685535453042575682047754526  0.000000000000000000000000000000  0.000000000000000000000000000000 -0.617896638377971929578791332460  0.996624504931187926715097091801  0.000000000000000000000000000000 -0.589883293352652438024108505488 -0.900497419065299120610745831073  0.065870890797646866610115523599  1.903787157261309648248470693943  0.914169618898063474077275714080 -0.050684756925753172984716599103  1.898047517661614724815422050597 -0.921602055310587697789515004843  0.035206304410221732348329481965
18
 0.000000000000000000000000000000  0.000000000000000000000000000000  0.000000000000000000000000000000  1.331448645707759670386849393253  0.000000000000000000000000000000  0.000000000000000000000000000000 -0.577066803256817806300205120351  0.920623836701388698067205496045  0.000000000000000000000000000000 -0.548305802601227965098473760008 -0.876852982592054353006005840143  0.273351395140611685974363354035  1.905893807641781734218966448680  0.878345747347898830881263165793 -0.225703743553076430217174674908  1.902273349083705600293114912347 -0.902653391255991977004669024609  0.157384161736314198698494237760
18
 0.000000000000000000000000000000  0.000000000000000000000000000000  0.000000000000000000000000000000  1.327509616321767671465181592794  0.000000000000000000000000000000  0.000000000000000000000000000000 -0.590629686723045055352088184009  0.909289569190412261256994952419  0.000000000000000000000000000000 -0.618775315925195079636011996627 -0.998107372382492918916341295699 -0.000002532222388748973193226769  1.898078470580271570611330389511  0.924316533537468454362340253283 -0.000004317655790446178951905339  1.903674454109004932078619276581 -0.919838721921627300304180607782  0.000003261930916581231441788834
18
 0.000000000000000000000000000000  0.000000000000000000000000000000  0.000000000000000000000000000000  1.331448645707181022146414761664  0.000000000000000000000000000000  0.000000000000000000000000000000 -0.577066803427427443828889863653  0.920623836582424637242638709722  0.000000000000000000000000000000 -0.548305802337674008661849711643 -0.876852982849074868987315767299  0.273351395025342003286539238616  1.905893807721815047528934883303  0.878345747187945447009838062513 -0.225703743771195536327311970126  1.902273348911423189733227445686 -0.902653391351373457496265473310  0.157384161799302951800783034741
18
 0.000000000000000000000000000000  0.000000000000000000000000000000  0.000000000000000000000000000000  1.331448645683189990762684828951  0.000000000000000000000000000000  0.000000000000000000000000000000 -0.577066803652677595692921386217  0.920623836418296703776320555335  0.000000000000000000000000000000 -0.548305801892872035629977744975 -0.876852983183625700469576713658  0.273351394993349761097789496489  1.905893807713602061681967825280  0.878345747075867322450903884601 -0.225703743973938886213659316127  1.902273348872029812284267791256 -0.902653391431166962632914874121  0.157384161562840435566457131245
18
 0.000000000000000000000000000000  0.000000000000000000000000000000  0.000000000000000000000000000000  1.331448748338125875889659255336  0.000000000000000000000000000000  0.000000000000000000000000000000 -0.577066838212533239627077819023  0.920623866797458445532242876652  0.000000000000000000000000000000 -0.548304378519597679364494524634 -0.876850315740731134361851673020 -0.273359999411979914807346858652  1.905894165777798576755230897106  0.878343833883370561643744167668  0.225709028980186549029340881134  1.902273305087708976657268067356 -0.902652761105218304216180058575 -0.157387661549476920441748006851
18
 0.000000000000000000000000000000  0.000000000000000000000000000000  0.000000000000000000000000000000  1.331448748684147975751557169133  0.000000000000000000000000000000  0.000000000000000000000000000000 -0.577066841933831398137044743635  0.920623864331151842144151942193  0.000000000000000000000000000000 -0.548304379543671505103930030600 -0.876850322743420673710090795794 -0.273360001728559731670742394272  1.905894167321936283343575269100  0.878343841128020219599648044095  0.225709023511415307616800873802  1.902273301846792996627755201189 -0.902652738489187811410374706611 -0.157387732549931491643491199284
18
 0.000000000000000000000000000000  0.000000000000000000000000000000  0.000000000000000000000000000000  1.331927955360538762263900025573  0.000000000000000000000000000000  0.000000000000000000000000000000 -0.597849924412893862779583287193  0.904676278412175127741079450061  0.000000000000000000000000000000 -0.604171167320637469977384625963 -0.978652867933768377817216332915  0.002185897562983417710680278390  1.979904794752279428848851239309  0.846251037371466452441381989047  0.055841281503516256023988972856  1.815387193421216016631092315947 -0.950843408665593359252454774833  0.074039103729517580232410978169
18
 0.000000000000000000000000000000  0.000000000000000000000000000000  0.000000000000000000000000000000  1.327509616096120170780636726704  0.000000000000000000000000000000  0.000000000000000000000000000000 -0.618774828548772748426642920094  0.998106578180955050783040860551  0.000000000000000000000000000000 -0.590629099782334687773754922091 -0.909287351134592691792590812838  0.000020282511676880044990643748  1.903674269285678954943819007894  0.919837689565921046153107454302 -0.000017800726821249526884895914  1.898078798086778151699149930209 -0.924317555488287756482179702289  0.000013342062652052405252907363
18
 0.000000000000000000000000000000  0.000000000000000000000000000000  0.000000000000000000000000000000  1.331448748505565937705341639230  0.000000000000000000000000000000  0.000000000000000000000000000000 -0.577066841786263995395245274267  0.920623864459226060041885375540  0.000000000000000000000000000000 -0.548304376964611317468722972990 -0.876850318412484841523735212832 -0.273360002002280833011127469945  1.905894169376456170894584829512  0.878343846033925901295447147277  0.225708999628885603749850474742  1.902273302400085741581392539956 -0.902652735742173639721386280144 -0.157387733722922945611699674373
18
 0.000000000000000000000000000000  0.000000000000000000000000000000  0.000000000000000000000000000000  1.331448748674301185701551730745  0.000000000000000000000000000000  0.000000000000000000000000000000 -0.577066841783872575000202687079  0.920623864439244932178496583219  0.000000000000000000000000000000 -0.548304379856707435614282530878 -0.876850322557808370405041387130 -0.273360001805169061661615614867  1.905894167235538061433430812031  0.878343841162144367551434243069  0.225709023709531386714388645487  1.902273301881224787379665031040 -0.902652738519448050169557973277 -0.157387732541925701168494811100
18
 0.000000000000000000000000000000  0.000000000000000000000000000000  0.000000000000000000000000000000  1.331448645586429391229899010796  0.000000000000000000000000000000  0.000000000000000000000000000000 -0.577066803170019904101195606927  0.920623836779933535368058983295  0.000000000000000000000000000000 -0.548305800480875960012383529829 -0.876852979396397613776059642987  0.273351395684535092289735302984  1.905893809288949469760154897813  0.878345751004359742708516023413 -0.225703725731486615213583490913  1.902273349425104953525078599341 -0.902653389429358576911965883482  0.157384162124826809669997373931
18
 0.000000000000000000000000000000  0.000000000000000000000000000000  0.000000000000000000000000000000  1.331448645721926116181066390709  0.000000000000000000000000000000  0.000000000000000000000000000000 -0.577066803509750370082542758610  0.920623836520300997676713450346  0.000000000000000000000000000000 -0.548305802119498086888427224039 -0.876852982998047147944475909753  0.273351395021307119748144032201  1.905893807659840177848309394903  0.878345747232788354175170297822 -0.225703743744763069001280086923  1.902273349013389625028480622859 -0.902653391274450767056691802281  0.157384161836508607024143202580
