6
0
6	-0.75511638638	0.09608232531	0.03577315881
6	0.44377071742	0.66009139206	0.08938699152
1	-1.57855130000	0.79721610089	0.16662460294
1	-1.04047085670	-0.93568097826	-0.11525660493
1	1.55777331963	0.13184428929	-0.02303314649
1	1.37259440185	-0.74955321618	-0.15349665213
6
1
6	-0.75518095245	0.09611607245	0.03578019125
6	0.44351954946	0.66053088245	0.08946154041
1	-1.57864905150	0.79720263289	0.16662530761
1	-1.04041382769	-0.93566552940	-0.11525587757
1	1.55778010080	0.13137475749	-0.02310557005
1	1.37294407720	-0.74955890278	-0.15350724192
6
2
6	-0.75523787818	0.09615996204	0.03578857678
6	0.44324350333	0.66099642194	0.08954078036
1	-1.57875577739	0.79718893540	0.16662623171
1	-1.04035443799	-0.93565317530	-0.11525569689
1	1.55778571928	0.13087105954	-0.02318321360
1	1.37331876677	-0.74956329051	-0.15351832864
6
3
6	-0.75530319596	0.09620388423	0.03579720177
6	0.44295353537	0.66149614271	0.08962565932
1	-1.57887002314	0.79717418817	0.16662720909
1	-1.04029074697	-0.93563869910	-0.11525531241
1	1.55778985313	0.13033163642	-0.02326630677
1	1.37372047338	-0.74956723932	-0.15353010128
6
4
6	-0.75537024955	0.09625282334	0.03580665030
6	0.44264162449	0.66202916873	0.08971626280
1	-1.57899276785	0.79715844037	0.16662827514
1	-1.04022300527	-0.93562388391	-0.11525499254
1	1.55779382385	0.12975456841	-0.02335518047
1	1.37415047017	-0.74957120384	-0.15354266550
6
5
6	-0.75544297997	0.09630468102	0.03581670848
6	0.44230910178	0.66259903860	0.08981309723
1	-1.57912417105	0.79714150073	0.16662940553
1	-1.04015052188	-0.93560750012	-0.11525456709
1	1.55779789075	0.12913783537	-0.02345015127
1	1.37461057619	-0.74957564248	-0.15355614315
6
6
6	-0.75552021057	0.09636079914	0.03582755082
6	0.44195299621	0.66320729171	0.08991647999
1	-1.57926497649	0.79712336855	0.16663062155
1	-1.04007309243	-0.93558989384	-0.11525409537
1	1.55780265940	0.12847925152	-0.02355157067
1	1.37510251971	-0.74958090396	-0.15357063659
6
7
6	-0.75560316365	0.09642093712	0.03583917443
6	0.44157240952	0.66385650851	0.09002683123
1	-1.57941577656	0.79710398530	0.16663193145
1	-1.03999028902	-0.93557071747	-0.11525353591
1	1.55780849519	0.12777653626	-0.02365979786
1	1.37562822034	-0.74958733662	-0.15358625360
6
8
6	-0.75569191966	0.09648565065	0.03585166750
6	0.44116543414	0.66454886006	0.09014453581
1	-1.57957732770	0.79708333159	0.16663335413
1	-1.03990178209	-0.93554996623	-0.11525289738
1	1.55781585005	0.12702731190	-0.02377520924
1	1.37618964108	-0.74959527486	-0.15360310109
6
9
6	-0.75578711428	0.09655515646	0.03586508133
6	0.44073058522	0.66528679283	0.09027000917
1	-1.57975038497	0.79706137246	0.16663490611
1	-1.03980717970	-0.93552746554	-0.11525216395
1	1.55782514217	0.12622913046	-0.02389819086
1	1.37678884739	-0.74960507356	-0.15362129207
6
10
6	-0.75588914300	0.09662986992	0.03587949121
6	0.44026610675	0.66607269638	0.09040366533
1	-1.57993577393	0.79703808007	0.16663660697
1	-1.03970610013	-0.93550310519	-0.11525132943
1	1.55783683697	0.12537948495	-0.02402913902
1	1.37742796917	-0.74961711301	-0.15364094533
6
11
6	-0.75599854459	0.09671014935	0.03589496756
6	0.43977029418	0.66690905104	0.09054593087
1	-1.58013435442	0.79701342258	0.16663847667
1	-1.03959813577	-0.93547672377	-0.11525038044
1	1.55785142784	0.12447582774	-0.02416845698
1	1.37810920858	-0.74963181383	-0.15366218796
6
12
6	-0.75611582377	0.09679641773	0.03591158985
6	0.43924134109	0.66779834411	0.09069723613
1	-1.58034703787	0.79698737038	0.16664053695
1	-1.03948286968	-0.93544816142	-0.11524930405
1	1.55786946063	0.12351558680	-0.02431655307
1	1.37883482541	-0.74964964448	-0.15368515609
6
13
6	-0.75624153798	0.09688910591	0.03592944021
6	0.43867741476	0.66874309207	0.09085801680
1	-1.58057478011	0.79695989458	0.16664281084
1	-1.03935986799	-0.93541723354	-0.11524808400
1	1.55789153566	0.12249618489	-0.02447383798
1	1.37960713147	-0.74967113080	-0.15370999614
6
14
6	-0.75637625848	0.09698868045	0.03594860664
6	0.43807662669	0.66974580906	0.09102870988
1	-1.58081858601	0.79693096943	0.16664532314
1	-1.03922868424	-0.93538374223	-0.11524670226
1	1.55791831874	0.12141506018	-0.02464072194
1	1.38042847912	-0.74969686376	-0.15373686573
6
15
6	-0.75652059026	0.09709563134	0.03596918167
6	0.43743705548	0.67080899706	0.09120975172
1	-1.58107950836	0.79690057300	0.16664810046
1	-1.03908885852	-0.93534746987	-0.11524513810
1	1.55795054704	0.12026968923	-0.02481761147
1	1.38130125043	-0.74972750765	-0.15376593454
6
16
6	-0.75667516339	0.09721047871	0.03599126313
6	0.43675674741	0.67193512217	0.09140157446
1	-1.58135864901	0.79686868868	0.16665117139
1	-1.03893991955	-0.93530818112	-0.11524336834
1	1.55798903662	0.11905761234	-0.02500490584
1	1.38222784374	-0.74976380767	-0.15379738508
6
17
6	-0.75684063753	0.09733377034	0.03601495396
6	0.43603373031	0.67312659387	0.09160460261
1	-1.58165715843	0.79683530625	0.16665456663
1	-1.03878138582	-0.93526562087	-0.11524136698
1	1.55803468820	0.11777646120	-0.02520299305
1	1.38321065910	-0.74980659768	-0.15383141343
6
18
6	-0.75701770272	0.09746607420	0.03604036064
6	0.43526604053	0.67438573956	0.09181924914
1	-1.58197623953	0.79680042698	0.16665831974
1	-1.03861276920	-0.93521951569	-0.11523910523
1	1.55808848798	0.11642398415	-0.02541224672
1	1.38425207876	-0.74985679609	-0.15386822783
6
19
6	-0.75720705908	0.09760801618	0.03606759966
6	0.43445167092	0.67571477239	0.09204591027
1	-1.58231713021	0.79676405044	0.16666246471
1	-1.03843357298	-0.93516957033	-0.11523655137
1	1.55815153031	0.11499809548	-0.02563301768
1	1.38535445685	-0.74991545105	-0.15390805586
6
20
6	-0.75740946370	0.09776021333	0.03609678727
6	0.43358868690	0.67711578132	0.09228496282
1	-1.58268112150	0.79672619410	0.16666703929
1	-1.03824329650	-0.93511546069	-0.11523366915
1	1.55822499665	0.11349688964	-0.02586563295
1	1.38652009396	-0.74998370458	-0.15395113755
6
21
6	-0.75762566946	0.09792333287	0.03612804737
6	0.43267516721	0.67859067378	0.09253675631
1	-1.58306954726	0.79668688540	0.16667208353
1	-1.03804144162	-0.93505684990	-0.11523042024
1	1.55831017146	0.11191868494	-0.02611038898
1	1.38775121550	-0.75006281398	-0.15399772826
6
22
6	-0.75785646480	0.09809805810	0.03616150735
6	0.43170926070	0.68014116179	0.09280160941
1	-1.58348377803	0.79664616291	0.16667763967
1	-1.03782751195	-0.93499337343	-0.11522676196
1	1.55840843914	0.11026206076	-0.02636754588
1	1.38904995075	-0.75015415702	-0.15404809886
6
23
6	-0.75810264951	0.09828510103	0.03619729939
6	0.43068919009	0.68176871972	0.09307980313
1	-1.58392521834	0.79660407757	0.16668375239
1	-1.03760101870	-0.93492464520	-0.11522264809
1	1.55852128377	0.10852589485	-0.02663732158
1	1.39041830850	-0.75025923486	-0.15410253550
6
24
6	-0.75836504078	0.09848519290	0.03623555925
6	0.42961328355	0.68347455437	0.09337157522
1	-1.58439530022	0.79656069321	0.16669046868
1	-1.03736148409	-0.93485025439	-0.11521802827
1	1.55865028445	0.10670940057	-0.02691988590
1	1.39185815292	-0.75037967355	-0.15416133925
6
25
6	-0.75864446388	0.09869908442	0.03627642600
6	0.42847999540	0.68525956894	0.09367711372
1	-1.58489547684	0.79651608709	0.16669783794
1	-1.03710844650	-0.93476976714	-0.11521284818
1	1.55879710908	0.10481216275	-0.02721535451
1	1.39337117856	-0.75051722296	-0.15422482524
6
26
6	-0.75894175193	0.09892753311	0.03632004035
6	0.42728794784	0.68712433086	0.09399655003
1	-1.58542721812	0.79647035283	0.16670591246
1	-1.03684146609	-0.93468272704	-0.11520704955
1	1.55896350066	0.10283416625	-0.02752378351
1	1.39495888346	-0.75067374290	-0.15429332005
6
27
6	-0.75925772311	0.09917132913	0.03636654726
6	0.42603590566	0.68906903486	0.09432995503
1	-1.58599198767	0.79642359045	0.16671474513
1	-1.03656012886	-0.93458865661	-0.11520056991
1	1.55915127975	0.10077584390	-0.02784516284
1	1.39662255005	-0.75085122862	-0.15436716493
6
28
6	-0.75959320842	0.09943124215	0.03641608937
6	0.42472287336	0.69109348878	0.09467733216
1	-1.58659124817	0.79637591775	0.16672439180
1	-1.03626405171	-0.93448705098	-0.11519334197
1	1.55936231159	0.09863808300	-0.02817941285
1	1.39836321918	-0.75105176758	-0.15444670878
6
29
6	-0.75994900495	0.09970805649	0.03646881076
6	0.42334807008	0.69319707072	0.09503861189
1	-1.58722644368	0.79632746383	0.16673490984
1	-1.03595289134	-0.93437739236	-0.11518529537
1	1.55959849710	0.09642225238	-0.02852637997
1	1.40018166860	-0.75127753796	-0.15453230742
6
30
6	-0.76032589560	0.10000254080	0.03652485275
6	0.42191098116	0.69537872165	0.09541364918
1	-1.58789898627	0.79627836873	0.16674635766
1	-1.03562634748	-0.93425914290	-0.11517635551
1	1.55986174916	0.09413021278	-0.02888583457
1	1.40207839484	-0.75153078794	-0.15462431978
6
31
6	-0.76072462511	0.10031545377	0.03658435413
6	0.42041136516	0.69763692496	0.09580221991
1	-1.58861024264	0.79622878107	0.16675879415
1	-1.03528417001	-0.93413175252	-0.11516644457
1	1.56015397106	0.09176432125	-0.02925746943
1	1.40405359736	-0.75181381542	-0.15472310446
6
32
6	-0.76114590025	0.10064752840	0.03664744854
6	0.41884928166	0.69996970472	0.09620402065
1	-1.58936151938	0.79617885628	0.16677227767
1	-1.03492616380	-0.93399465949	-0.11515548135
1	1.56047703065	0.08932742380	-0.02964090084
1	1.40610716695	-0.75212894059	-0.15482901494
6
33
6	-0.76159037597	0.10099946742	0.03671426332
6	0.41722510274	0.70237462510	0.09661866857
1	-1.59015404840	0.79612875400	0.16678686523
1	-1.03455219439	-0.93384729637	-0.11514338202
1	1.56083273411	0.08682283801	-0.03003567086
1	1.40823867774	-0.75247847505	-0.15494239452
6
34
6	-0.76205864906	0.10137193284	0.03678491765
6	0.41553952581	0.70484880204	0.09704570351
1	-1.59098897146	0.79607863506	0.16680261131
1	-1.03416219258	-0.93368909412	-0.11513006053
1	1.56122279881	0.08425432489	-0.03044125148
1	1.41044738430	-0.75286468760	-0.15506357074
6
35
6	-0.76255124843	0.10176553792	0.03685952100
6	0.41379357826	0.70738892142	0.09748459137
1	-1.59186732516	0.79602865831	0.16681956672
1	-1.03375615860	-0.93351948765	-0.11511542940
1	1.56164882644	0.08162605071	-0.03085705047
1	1.41273222331	-0.75328976761	-0.15519284949
6
36
6	-0.76306862797	0.10218083803	0.03693817148
6	0.41198861798	0.70999126732	0.09793472844
1	-1.59279002609	0.79597897712	0.16683777766
1	-1.03333416547	-0.93333792153	-0.11509940043
1	1.56211227707	0.07894253882	-0.03128241809
1	1.41509182030	-0.75375578664	-0.15533050933
6
37
6	-0.76361115898	0.10261832248	0.03702095443
6	0.41012632738	0.71265175716	0.09839544691
1	-1.59375785698	0.79592973592	0.16685728479
1	-1.03289636143	-0.93314385606	-0.11508188560
1	1.56261444463	0.07620861348	-0.03171665500
1	1.41752450119	-0.75426465988	-0.15547679580
6
38
6	-0.76417912412	0.10307840662	0.03710794113
6	0.40820870257	0.71536598430	0.09886602105
1	-1.59477145383	0.79588106674	0.16687812261
1	-1.03244297145	-0.93293677349	-0.11506279807
1	1.56315643437	0.07342933741	-0.03215902062
1	1.42002830828	-0.75481810847	-0.15563191637
6
39
6	-0.76477271206	0.10356142504	0.03719918774
6	0.40623803731	0.71812926579	0.09934567408
1	-1.59583129463	0.79583308594	0.16690031898
1	-1.03197429762	-0.93271618437	-0.11504205329
1	1.56373914239	0.07060994523	-0.03260874206
1	1.42260102043	-0.75541762452	-0.15579603573
6
40
6	-0.76539201335	0.10406762516	0.03729473436
6	0.40421689287	0.72093670699	0.09983358556
1	-1.59693769034	0.79578588996	0.16692389558
1	-1.03149071780	-0.93248163423	-0.11501957022
1	1.56436324746	0.06775576393	-0.03306502274
1	1.42524017698	-0.75606443871	-0.15596927281
6
41
6	-0.76603701848	0.10459716330	0.03739460420
6	0.40214808728	0.72378324086	0.10032889980
1	-1.59809077700	0.79573955421	0.16694886672
1	-1.03099268431	-0.93223270858	-0.11499527205
1	1.56502918448	0.06487215916	-0.03352705193
1	1.42794310383	-0.75675949582	-0.15615169701
6
42
6	-0.76670761395	0.10515010233	0.03749880337
6	0.40003465563	0.72666369468	0.10083073413
1	-1.59929051105	0.79569412975	0.16697523992
1	-1.03048072026	-0.93196903912	-0.11496908748
1	1.56573714386	0.06196445980	-0.03399401333
1	1.43070694159	-0.75750343434	-0.15634332688
6
43
6	-0.76740358393	0.10572640923	0.03760732033
6	0.39787982508	0.72957284037	0.10133818811
1	-1.60053666618	0.79564964233	0.16700301552
1	-1.02995541550	-0.93169030735	-0.11494095134
1	1.56648706152	0.05903790317	-0.03446509387
1	1.43352867484	-0.75829657463	-0.15654412902
6
44
6	-0.76812460977	0.10632595651	0.03772012594
6	0.39568698262	0.73250544280	0.10185035272
1	-1.60182883279	0.79560609186	0.16703218622
1	-1.02941742164	-0.93139624858	-0.11491080517
1	1.56727861616	0.05609758503	-0.03493949209
1	1.43640516123	-0.75913891451	-0.15675401790
6
45
6	-0.76887027341	0.10694852354	0.03783717361
6	0.39345964173	0.73545630637	0.10236631952
1	-1.60316641963	0.79556345277	0.16706273686
1	-1.02886744620	-0.93108665406	-0.11487859767
1	1.56811123292	0.05314841673	-0.03541642574
1	1.43933316041	-0.76003013223	-0.15697285684
6
46
6	-0.76964006156	0.10759379881	0.03795839962
6	0.39120140462	0.73842032048	0.10288519009
1	-1.60454865802	0.79552167510	0.16709464411
1	-1.02830624637	-0.93076137267	-0.11484428496
1	1.56898409498	0.05019508720	-0.03589513939
1	1.44230936216	-0.76096959581	-0.15720045973
6
47
6	-0.77043337249	0.10826138400	0.03808372388
6	0.38891592198	0.74139250461	0.10340608536
1	-1.60597460842	0.79548068577	0.16712787640
1	-1.02773462190	-0.93042031225	-0.11480783092
1	1.56989616321	0.04724202927	-0.03637491128
1	1.44533041344	-0.76195637828	-0.15743659371
6
48
6	-0.77124952446	0.10895079751	0.03821305073
6	0.38660685116	0.74436805276	0.10392815469
1	-1.60744316992	0.79544039050	0.16716239391
1	-1.02715340783	-0.93006343993	-0.11476920730
1	1.57084620248	0.04429339007	-0.03685505971
1	1.44839294438	-0.76298927780	-0.15768098260
6
49
6	-0.77208776511	0.10966147983	0.03834626997
6	0.38427781539	0.74734237460	0.10445058425
1	-1.60895309198	0.79540067602	0.16719814895
1	-1.02656346688	-0.92969078253	-0.11472839401
1	1.57183281168	0.04135300675	-0.03733494862
1	1.45149359272	-0.76406684156	-0.15793331080
6
50
6	-0.77294728152	0.11039279936	0.03848325819
6	0.38193236617	0.75031113233	0.10497260455
1	-1.61050298847	0.79536141244	0.16723508615
1	-1.02596568159	-0.92930242604	-0.11468537918
1	1.57285445474	0.03842438879	-0.03781399194
1	1.45462902650	-0.76518739376	-0.15819322803
6
51
6	-0.77382720983	0.11114405954	0.03862388013
6	0.37957395114	0.75327026994	0.10549349648
1	-1.61209135336	0.79532245589	0.16727314309
1	-1.02536094671	-0.92889851484	-0.11464015917
1	1.57390949001	0.03551070833	-0.03829165659
1	1.45779596457	-0.76634906575	-0.15846035421
6
52
6	-0.77472664482	0.11191450687	0.03876799052
6	0.37720588676	0.75621603542	0.10601259469
1	-1.61371657729	0.79528365089	0.16731225128
1	-1.02475016114	-0.92847924964	-0.11459273866
1	1.57499619773	0.03261479785	-0.03876746290
1	1.46099119457	-0.76754982829	-0.15873428520
6
53
6	-0.77564464845	0.11270333922	0.03891543558
6	0.37483133993	0.75914499462	0.10652929127
1	-1.61537696508	0.79524483272	0.16735233649
1	-1.02413422043	-0.92804488493	-0.11454313034
1	1.57611280118	0.02973915580	-0.03924098546
1	1.46421158867	-0.76878752433	-0.15901459781
6
54
6	-0.77658025715	0.11350971605	0.03906605522
6	0.37245331070	0.76205403727	0.10704303501
1	-1.61707075287	0.79520582974	0.16739332043
1	-1.02351400903	-0.92759572589	-0.11449135501
1	1.57725748791	0.02688595812	-0.03971184992
1	1.46745411625	-0.77005990219	-0.15930085600
6
55
6	-0.77753248900	0.11433276510	0.03921968442
6	0.37007462505	0.76494037541	0.10755333041
1	-1.61879612510	0.79516646538	0.16743512177
1	-1.02289039402	-0.92713212228	-0.11443744079
1	1.57842842461	0.02405707621	-0.04017972960
1	1.47071585428	-0.77136464671	-0.15959261647
6
56
6	-0.77850035041	0.11517159436	0.03937615540
6	0.36769793134	0.76780153268	0.10805973463
1	-1.62055122987	0.79512656014	0.16747765753
1	-1.02226421832	-0.92665446523	-0.11438142307
1	1.57962376804	0.02125410079	-0.04064434077
1	1.47399399504	-0.77269940963	-0.15988943398
6
57
6	-0.77948284194	0.11602529905	0.03953529884
6	0.36532570450	0.77063532564	0.10856185353
1	-1.62233419378	0.79508593426	0.16752084431
1	-1.02163629541	-0.92616318030	-0.11432334359
1	1.58084167108	0.01847837134	-0.04110543712
1	1.47728585137	-0.77406183687	-0.16019086624
6
58
6	-0.78047896344	0.11689296439	0.03969694514
6	0.36296026304	0.77343983619	0.10905933593
1	-1.62414313785	0.79504441308	0.16756459967
1	-1.02100740566	-0.92565872164	-0.11426324987
1	1.58208028130	0.01573100493	-0.04156280438
1	1.48058885843	-0.77544958384	-0.16049647675
6
59
6	-0.78148771021	0.11777370116	0.03986092893
6	0.36060374434	0.77621337982	0.10955186820
1	-1.62597617653	0.79500181851	0.16760884199
1	-1.02037829201	-0.92514156711	-0.11420119477
1	1.58333775094	0.01301294742	-0.04201625171
1	1.48390057929	-0.77686036667	-0.16080584290
6
60
6	-0.78250810302	0.11866660233	0.04002708364
6	0.35825817269	0.77895448607	0.11003917023
1	-1.62783144132	0.79495798608	0.16765349276
1	-1.01974965751	-0.92461220384	-0.11413723382
1	1.58461222369	0.01032498365	-0.04246560991
1	1.48721870130	-0.77829194117	-0.16111855317
6
61
6	-0.78353915899	0.11957078663	0.04019524715
6	0.35592542921	0.78166185504	0.11052099004
1	-1.62970708492	0.79491276264	0.16769847639
1	-1.01912216709	-0.92407113639	-0.11407142651
1	1.58590184390	0.00766776830	-0.04291072748
1	1.49054103371	-0.77974212310	-0.16143420985
6
62
6	-0.78457991671	0.12048538094	0.04036525969
6	0.35360727704	0.78433434908	0.11099709837
1	-1.63160128739	0.79486600782	0.16774372272
1	-1.01849644411	-0.92351887244	-0.11400383511
1	1.58720476063	0.00504184308	-0.04335146572
1	1.49386550636	-0.78120879537	-0.16175243022
6
63
6	-0.78562942151	0.12140955408	0.04053696854
6	0.35130532268	0.78697097597	0.11146729185
1	-1.63351225403	0.79481758825	0.16778916292
1	-1.01787307361	-0.92295592829	-0.11393452358
1	1.58851915214	0.00244766048	-0.04378769809
1	1.49719017014	-0.78268993738	-0.16207285191
6
64
6	-0.78668676395	0.12234246919	0.04071022158
6	0.34902106168	0.78957090057	0.11193139077
1	-1.63543823072	0.79476738785	0.16783473369
1	-1.01725259821	-0.92238281189	-0.11386355638
1	1.58984323379	-0.00011443356	-0.04421931211
1	1.50051319322	-0.78418359905	-0.16239512782
6
65
6	-0.78775104662	0.12328332506	0.04088487255
6	0.34675583334	0.79213342615	0.11238923872
1	-1.63737750725	0.79471530450	0.16788037616
1	-1.01663552311	-0.92180003672	-0.11379100001
1	1.59117528162	-0.00264419251	-0.04464620958
1	1.50383285785	-0.78568791338	-0.16271892810
6
66
6	-0.78882141312	0.12423133495	0.04106077864
6	0.34451083563	0.79465800901	0.11284070481
1	-1.63932842106	0.79466125025	0.16792603580
1	-1.01602231450	-0.92120811168	-0.11371692150
1	1.59251365042	-0.00514147074	-0.04506830778
1	1.50714755845	-0.78720109869	-0.16304394023
6
67
6	-0.78989703915	0.12518573716	0.04123780157
6	0.34228711234	0.79714425255	0.11328568403
1	-1.64128936346	0.79460515164	0.16797166237
1	-1.01541340169	-0.92060754456	-0.11364138866
1	1.59385678954	-0.00760622285	-0.04548554060
1	1.51045579824	-0.78872146082	-0.16336986898
6
68
6	-0.79097714132	0.12614579140	0.04141580709
6	0.34008555817	0.79959190776	0.11372409798
1	-1.64325878380	0.79454694925	0.16801720971
1	-1.01480917774	-0.91999883935	-0.11356446957
1	1.59520325418	-0.01003850073	-0.04589785926
1	1.51375618633	-0.79024739522	-0.16369643622
6
69
6	-0.79206097537	0.12711078211	0.04159466551
6	0.33790691946	0.80200086666	0.11415589452
1	-1.64523519386	0.79448659765	0.16806263550
1	-1.01421000091	-0.91938249633	-0.11348623254
1	1.59655171252	-0.01243844814	-0.04630523245
1	1.51704743397	-0.79177738883	-0.16402338080
6
70
6	-0.79314783906	0.12808001858	0.04177425168
6	0.33575180229	0.80437115500	0.11458104715
1	-1.64721717111	0.79442406467	0.16810790093
1	-1.01361619574	-0.91875901070	-0.11340674574
1	1.59790094858	-0.01480629336	-0.04670764598
1	1.52032835086	-0.79331002107	-0.16435045830
6
71
6	-0.79423707127	0.12905283668	0.04195444518
6	0.33362068031	0.80670292168	0.11499955381
1	-1.64920336153	0.79435933091	0.16815297047
1	-1.01302805443	-0.91812887158	-0.11332607696
1	1.59924986161	-0.01714234038	-0.04710510214
1	1.52359784112	-0.79484396419	-0.16467744064
6
72
6	-0.79532805186	0.13002859976	0.04213513059
6	0.33151390552	0.80899642653	0.11541143516
1	-1.65119248137	0.79429238899	0.16819781145
1	-1.01244583798	-0.91749256050	-0.11324429325
1	1.60059746257	-0.01944695880	-0.04749761852
1	1.52685489894	-0.79637798286	-0.16500411570
6
73
6	-0.79642020092	0.13100669973	0.04231619752
6	0.32943171965	0.81125202689	0.11581673289
1	-1.65318331784	0.79422324262	0.16824239368
1	-1.01186977768	-0.91685054990	-0.11316146065
1	1.60194286836	-0.02172057332	-0.04788522707
1	1.53009860425	-0.79791093291	-0.16533028664
6
74
6	-0.79751297722	0.13198655779	0.04249754088
6	0.32737426681	0.81347016278	0.11621550732
1	-1.65517472945	0.79415190593	0.16828668916
1	-1.01130007656	-0.91620330162	-0.11307764393
1	1.60328529397	-0.02396365269	-0.04826797249
1	1.53332811827	-0.79944175908	-0.16565577121
6
75
6	-0.79860587697	0.13296762498	0.04267906078
6	0.32534160634	0.81565134203	0.11660783527
1	-1.65716564505	0.79407840244	0.16833067170
1	-1.01073691086	-0.91555126526	-0.11299290617
1	1.60462404347	-0.02617669871	-0.04864591085
1	1.53654267889	-0.80096949238	-0.16598040100
6
76
6	-0.79969843189	0.13394938225	0.04286066276
6	0.32333372597	0.81779612503	0.11699380744
1	-1.65915506251	0.79400276449	0.16837431664
1	-1.01018043176	-0.91489487680	-0.11290730862
1	1.60595849994	-0.02836023581	-0.04901910788
1	1.53974159607	-0.80249324605	-0.16630402061
6
77
6	-0.80079020718	0.13493134063	0.04304225768
6	0.32135055423	0.81990511038	0.11737352581
1	-1.66114204660	0.79392503237	0.16841760062
1	-1.00963076698	-0.91423455746	-0.11282091035
1	1.60728811490	-0.03051480144	-0.04938763720
1	1.54292424745	-0.80401221137	-0.16662648684
6
78
6	-0.80188079982	0.13591304042	0.04322376199
6	0.31939197281	0.82197892224	0.11774710069
1	-1.66312572654	0.79384525347	0.16846050164
1	-1.00908802266	-0.91357071254	-0.11273376842
1	1.60861239815	-0.03264093800	-0.04975157829
1	1.54609007389	-0.80552565247	-0.16694766788
6
79
6	-0.80296983561	0.13689405106	0.04340509744
6	0.31745782621	0.82401819906	0.11811464819
1	-1.66510529305	0.79376348152	0.16850299906
1	-1.00855228498	-0.91290373099	-0.11264593759
1	1.60993090810	-0.03473918627	-0.05011101464
1	1.54923857516	-0.80703290126	-0.16726744273
6
80
6	-0.80405696757	0.13787396993	0.04358619113
6	0.31554793119	0.82602358469	0.11847628762
1	-1.66707999521	0.79367977561	0.16854507382
1	-1.00802362185	-0.91223398474	-0.11255747051
1	1.61124324314	-0.03681008054	-0.05046603175
1	1.55236930612	-0.80853335184	-0.16758570058
6
81
6	-0.80514187336	0.13885242129	0.04376697542
6	0.31366208358	0.82799572179	0.11883213910
1	-1.66904913712	0.79359419930	0.16858670865
1	-1.00750208447	-0.91156182859	-0.11246841774
1	1.61254903457	-0.03885414549	-0.05081671537
1	1.55548187262	-0.81002645518	-0.16790234032
6
82
6	-0.80622424925	0.13982905625	0.04394738917
6	0.31180005953	0.82993524614	0.11918232065
1	-1.67101207443	0.79350681982	0.16862788835
1	-1.00698770892	-0.91088760003	-0.11237882864
1	1.61384794097	-0.04087189464	-0.05116314958
1	1.55857592792	-0.81151171444	-0.16821727022
6
83
6	-0.80730382673	0.14080354474	0.04412737262
6	0.30996163617	0.83184279038	0.11952695034
1	-1.67296821065	0.79341770626	0.16866860005
1	-1.00648051688	-0.91021161941	-0.11228874915
1	1.61513964422	-0.04286382931	-0.05150541677
1	1.56165116970	-0.81298867954	-0.16853040735
6
84
6	-0.80838033762	0.14177558998	0.04430687335
6	0.30814656563	0.83371896765	0.11986614057
1	-1.67491699631	0.79332693067	0.16870883342
1	-1.00598051840	-0.90953419293	-0.11219822475
1	1.61642384663	-0.04483043799	-0.05184359547
1	1.56470733589	-0.81445694427	-0.16884167739
6
85
6	-0.80945354445	0.14274490740	0.04448584221
6	0.30635460192	0.83556438729	0.12020000039
1	-1.67685792248	0.79323456571	0.16874858050
1	-1.00548771120	-0.90885560726	-0.11210729877
1	1.61770026948	-0.04677219818	-0.05217776045
1	1.56774420254	-0.81591614185	-0.16915101414
6
86
6	-0.81052322047	0.14371123806	0.04466423465
6	0.30458548673	0.83737964461	0.12052863410
1	-1.67879052019	0.79314068481	0.16878783593
1	-1.00500208319	-0.90817613579	-0.11201601339
1	1.61896865245	-0.04868957661	-0.05250798251
1	1.57076158049	-0.81736594196	-0.16945835905
6
87
6	-0.81158915800	0.14467433934	0.04484200956
6	0.30283895632	0.83916532708	0.12085214162
1	-1.68071435708	0.79304536160	0.16882659692
1	-1.00452361272	-0.90749603608	-0.11192440916
1	1.62022875442	-0.05058303082	-0.05283432820
1	1.57375931288	-0.81880604801	-0.16976366101
6
88
6	-0.81265116307	0.14563398752	0.04501912911
6	0.30111473955	0.84092201146	0.12117061961
1	-1.68262903547	0.79294866975	0.16886486260
1	-1.00405226995	-0.90681555204	-0.11183252505
1	1.62148035212	-0.05245300876	-0.05315686125
1	1.57673727263	-0.82023619482	-0.17006687528
6
89
6	-0.81370905682	0.14658997500	0.04519555850
6	0.29941255783	0.84265026672	0.12148416118
1	-1.68453419010	0.79285068267	0.16890263425
1	-1.00358801755	-0.90613491405	-0.11174039859
1	1.62272324229	-0.05429995094	-0.05347564218
1	1.57969536016	-0.82165614629	-0.17036796342
6
90
6	-0.81476267415	0.14754210970	0.04537126566
6	0.29773212483	0.84435065432	0.12179285671
1	-1.68642948628	0.79275147335	0.16893991488
1	-1.00313081158	-0.90545433982	-0.11164806579
1	1.62395724180	-0.05612429083	-0.05379072907
1	1.58263350121	-0.82306569360	-0.17066689265
6
91
6	-0.81581186360	0.14849021389	0.04554622102
6	0.29607314673	0.84602372911	0.12209679437
1	-1.68831461818	0.79265111427	0.16897670905
1	-1.00268060223	-0.90477403515	-0.11155556119
1	1.62518218836	-0.05792645558	-0.05410217817
1	1.58555164474	-0.82446465344	-0.17096363535
6
92
6	-0.81685648647	0.14943412339	0.04572039726
6	0.29443532221	0.84767003989	0.12239606069
1	-1.69018930733	0.79254967721	0.16901302253
1	-1.00223733463	-0.90409419448	-0.11146291782
1	1.62639794078	-0.05970686644	-0.05441004434
1	1.58844976126	-0.82585286646	-0.17125816859
6
93
6	-0.81789641073	0.15037368840	0.04589377126
6	0.29281833715	0.84929012809	0.12269073918
1	-1.69205330096	0.79244723353	0.16904886228
1	-1.00180094950	-0.90341500137	-0.11137016833
1	1.62760437900	-0.06146593940	-0.05471438082
1	1.59132784087	-0.82723019615	-0.17155047384
6
94
6	-0.81893153665	0.15130876261	0.04606631651
6	0.29122188930	0.85088453769	0.12298091638
1	-1.69390637000	0.79234385276	0.16908423604
1	-1.00137138297	-0.90273662890	-0.11127734144
1	1.62880140389	-0.06320408470	-0.05501524143
1	1.59418589225	-0.82859652634	-0.17184053633
6
95
6	-0.81996174876	0.15223922606	0.04623801250
6	0.28964564790	0.85245379464	0.12326667495
1	-1.69574831134	0.79223960488	0.16911915241
1	-1.00094856916	-0.90205924416	-0.11118446631
1	1.62998893703	-0.06492170715	-0.05531267887
1	1.59702394016	-0.82995176117	-0.17212834495
6
96
6	-0.82098696088	0.15316495572	0.04640883878
6	0.28808929146	0.85399842938	0.12354809811
1	-1.69757894160	0.79213455805	0.16915362036
1	-1.00053243801	-0.90138300017	-0.11109157001
1	1.63116691985	-0.06661920646	-0.05560674568
1	1.59984202500	-0.83129582341	-0.17241389183
6
97
6	-0.82200708816	0.15408584639	0.04657877730
6	0.28655248550	0.85551896259	0.12382526901
1	-1.69939809918	0.79202877952	0.16918764899
1	-1.00012291775	-0.90070804460	-0.11099867856
1	1.63233531446	-0.06829697765	-0.05589749529
1	1.60264020095	-0.83262865314	-0.17269717172
6
98
6	-0.82302206042	0.15500179826	0.04674781119
6	0.28503489799	0.85701591062	0.12409826937
1	-1.70120564191	0.79192233518	0.16922124812
1	-0.99971993421	-0.90003451536	-0.11090581667
1	1.63349409932	-0.06995540880	-0.05618497976
1	1.60541853505	-0.83395020680	-0.17297818253
6
99
6	-0.82403181365	0.15591272303	0.04691592509
6	0.28353619096	0.85848978230	0.12436718103
1	-1.70300144663	0.79181528970	0.16925442758
1	-0.99932341167	-0.89936254341	-0.11081300771
1	1.63464327087	-0.07159488266	-0.05646925189
1	1.60817710593	-0.83526045585	-0.17325692436
6
100
6	-0.82503629451	0.15681853936	0.04708310515
6	0.28205602658	0.85994108080	0.12463208537
1	-1.70478540780	0.79170770634	0.16928719720
1	-0.99893327304	-0.89869225173	-0.11072027394
1	1.63578284165	-0.07321577582	-0.05675036455
1	1.61091600294	-0.83655938584	-0.17353339950
6
101
6	-0.82603545655	0.15771917512	0.04724933879
6	0.28059406518	0.86137030135	0.12489306344
1	-1.70655743671	0.79159964690	0.16931956682
1	-0.99854944012	-0.89802375646	-0.11062763635
1	1.63691283902	-0.07481845845	-0.05702837080
1	1.61363532500	-0.83784699535	-0.17380761217
6
102
6	-0.82702926154	0.15861456516	0.04741461461
6	0.27914996777	0.86277793189	0.12515019592
1	-1.70831746035	0.79149117165	0.16935154612
1	-0.99817183393	-0.89735716652	-0.11053511469
1	1.63803330401	-0.07640329410	-0.05730332392
1	1.61633517985	-0.83912329497	-0.17407956830
6
103
6	-0.82801767806	0.15950465202	0.04757892239
6	0.27772339617	0.86416445204	0.12540356309
1	-1.71006542053	0.79138233921	0.16938314459
1	-0.99780037489	-0.89669258434	-0.11044272758
1	1.63914428996	-0.07797063938	-0.05757527734
1	1.61901568317	-0.84038830644	-0.17434927541
6
104
6	-0.82900068149	0.16038938511	0.04774225311
6	0.27631401416	0.86553033308	0.12565324471
1	-1.71180127297	0.79127320647	0.16941437143
1	-0.99743498308	-0.89603010595	-0.11035049252
1	1.64024586136	-0.07952084406	-0.05784428471
1	1.62167695784	-0.84164206154	-0.17461674229
6
105
6	-0.82997825317	0.16126872035	0.04790459883
6	0.27492148792	0.86687603739	0.12589932009
1	-1.71352498642	0.79116382866	0.16944523549
1	-0.99707557832	-0.89536982126	-0.11025842593
1	1.64133809272	-0.08105425063	-0.05811039984
1	1.62431913308	-0.84288460139	-0.17488197892
6
106
6	-0.83095038012	0.16214261995	0.04806595274
6	0.27354548695	0.86820201822	0.12614186785
1	-1.71523654176	0.79105425914	0.16947574527
1	-0.99672208045	-0.89471181431	-0.11016654319
1	1.64242106721	-0.08257119427	-0.05837367659
1	1.62694234399	-0.84411597562	-0.17514499635
6
107
6	-0.83191705460	0.16301105201	0.04822630900
6	0.27218568455	0.86950871946	0.12638096595
1	-1.71693593125	0.79094454944	0.16950590883
1	-0.99637440938	-0.89405616344	-0.11007485866
1	1.64349487569	-0.08407200284	-0.05863416888
1	1.62954673081	-0.84533624152	-0.17540580651
6
108
6	-0.83287827357	0.16387399019	0.04838566281
6	0.27084175840	0.87079657539	0.12661669158
1	-1.71862315765	0.79083474917	0.16953573380
1	-0.99603248527	-0.89340294158	-0.10998338576
1	1.64455961550	-0.08555699672	-0.05889193056
1	1.63213243841	-0.84654546334	-0.17566442214
6
109
6	-0.83383403852	0.16473141323	0.04854401045
6	0.26951339105	0.87206601051	0.12684912098
1	-1.72029823353	0.79072490609	0.16956522735
1	-0.99569622844	-0.89275221625	-0.10989213703
1	1.64561538951	-0.08702648883	-0.05914701537
1	1.63469961574	-0.84774371164	-0.17592085665
6
110
6	-0.83478435425	0.16558330546	0.04870134888
6	0.26820027024	0.87331743931	0.12707832944
1	-1.72196118053	0.79061506590	0.16959439630
1	-0.99536556010	-0.89210405052	-0.10980112406
1	1.64666230513	-0.08848078450	-0.05939947670
1	1.63724841533	-0.84893106254	-0.17617512412
6
111
6	-0.83572923002	0.16642965552	0.04885767606
6	0.26690208986	0.87455126650	0.12730439106
1	-1.72361202851	0.79050527202	0.16962324700
1	-0.99504040168	-0.89145850210	-0.10971035764
1	1.64770047340	-0.08992018158	-0.05964936754
1	1.63977899277	-0.85010759725	-0.17642723920
6
112
6	-0.83666867763	0.16727045554	0.04901299074
6	0.26561854947	0.87576788651	0.12752737859
1	-1.72525081535	0.79039556690	0.16965178556
1	-0.99472067517	-0.89081562419	-0.10961984782
1	1.64873000807	-0.09134497037	-0.05989674025
1	1.64229150643	-0.85127340127	-0.17667721709
6
113
6	-0.83760271219	0.16810570301	0.04916729267
6	0.26434935496	0.87696768335	0.12774736326
1	-1.72687758546	0.79028599032	0.16968001771
1	-0.99440630330	-0.89017546592	-0.10952960399
1	1.64975102485	-0.09275543361	-0.06014164644
1	1.64478611695	-0.85242856404	-0.17692507347
6
114
6	-0.83853135138	0.16893539877	0.04932058228
6	0.26309421899	0.87815103099	0.12796441467
1	-1.72849238986	0.79017658025	0.16970794893
1	-0.99409720948	-0.88953807193	-0.10943963483
1	1.65076364066	-0.09415184661	-0.06038413679
1	1.64726298688	-0.85357317837	-0.17717082454
6
115
6	-0.83945461516	0.16975954737	0.04947286077
6	0.26185286094	0.87931829304	0.12817860069
1	-1.73009528540	0.79006737278	0.16973558451
1	-0.99379331790	-0.88890348291	-0.10934994842
1	1.65176797295	-0.09553447731	-0.06062426091
1	1.64972228039	-0.85470733986	-0.17741448691
6
116
6	-0.84037252561	0.17057815662	0.04962413001
6	0.26062500714	0.88046982294	0.12838998727
1	-1.73168633422	0.78995840215	0.16976292962
1	-0.99349455360	-0.88827173571	-0.10926055229
1	1.65276413917	-0.09690358631	-0.06086206720
1	1.65216416294	-0.85583114659	-0.17765607768
6
117
6	-0.84128510682	0.17139123783	0.04977439282
6	0.25941039096	0.88160596394	0.12859863830
1	-1.73326560316	0.78984970086	0.16978998926
1	-0.99320084225	-0.88764286383	-0.10917145360
1	1.65375225622	-0.09825942703	-0.06109760272
1	1.65458880087	-0.85694469865	-0.17789561434
6
118
6	-0.84219238409	0.17219880433	0.04992365203
6	0.25820875279	0.88272704918	0.12880461578
1	-1.73483316343	0.78974129960	0.16981676850
1	-0.99291211074	-0.88701689658	-0.10908265866
1	1.65473244000	-0.09960224579	-0.06133091309
1	1.65699636129	-0.85804809762	-0.17813311484
6
119
6	-0.84309438444	0.17300087296	0.05007191133
6	0.25701984002	0.88383340186	0.12900797954
1	-1.73638908985	0.78963322730	0.16984327232
1	-0.99262828676	-0.88639386064	-0.10899417354
1	1.65570480514	-0.10093228198	-0.06156204244
1	1.65938701171	-0.85914144639	-0.17836859748
6
120
6	-0.84399113623	0.17379746263	0.05021917496
6	0.25584340720	0.88492533550	0.12920878730
1	-1.73793346064	0.78952551134	0.16986950571
1	-0.99234929900	-0.88577377936	-0.10890600392
1	1.65666946456	-0.10224976822	-0.06179103341
1	1.66176091993	-0.86022484878	-0.17860208091
6
121
6	-0.84488266879	0.17458859465	0.05036544757
6	0.25467921561	0.88600315398	0.12940709467
1	-1.73946635699	0.78941817752	0.16989547370
1	-0.99207507714	-0.88515667327	-0.10881815503
1	1.65762652941	-0.10355493056	-0.06201792709
1	1.66411825371	-0.86129840921	-0.17883358408
6
122
6	-0.84576901251	0.17537429232	0.05051073422
6	0.25352703340	0.88706715193	0.12960295518
1	-1.74098786267	0.78931125015	0.16992118134
1	-0.99180555186	-0.88454256010	-0.10873063176
1	1.65857610887	-0.10484798865	-0.06224276300
1	1.66645918060	-0.86236223254	-0.17906312626
6
123
6	-0.84665019865	0.17615458084	0.05065504037
6	0.25238663519	0.88811761511	0.12979642037
1	-1.74249806371	0.78920475206	0.16994663377
1	-0.99154065485	-0.88393145506	-0.10864343864
1	1.65951831003	-0.10612915614	-0.06246557919
1	1.66878386780	-0.86341642370	-0.17929072695
6
124
6	-0.84752625913	0.17692948712	0.05079837173
6	0.25125780204	0.88915482012	0.12998753982
1	-1.74399704805	0.78909870489	0.16997183613
1	-0.99128031894	-0.88332337091	-0.10855657985
1	1.66045323790	-0.10739864037	-0.06268641225
1	1.67109248200	-0.86446108774	-0.17951640585
6
125
6	-0.84839722603	0.17769903972	0.05094073430
6	0.25014032138	0.89017903535	0.13017636129
1	-1.74548490580	0.78899312881	0.16999679362
1	-0.99102447804	-0.88271831818	-0.10847005925
1	1.66138099518	-0.10865664318	-0.06290529741
1	1.67338518913	-0.86549632941	-0.17974018283
6
126
6	-0.84926313496	0.17846326837	0.05108213507
6	0.24903398907	0.89119052047	0.13036293097
1	-1.74696172794	0.78888804324	0.17002151062
1	-0.99077306683	-0.88211630610	-0.10838388023
1	1.66230168244	-0.10990336287	-0.06312226873
1	1.67566215405	-0.86652225000	-0.17996207798
6
127
6	-0.85012401593	0.17922220449	0.05122257965
6	0.24793859989	0.89218952751	0.13054729279
1	-1.74842760624	0.78878346592	0.17004599330
1	-0.99052602161	-0.88151734005	-0.10829804616
1	1.66321539838	-0.11113898650	-0.06333735833
1	1.67792354133	-0.86753895826	-0.18018211152
6
128
6	-0.85097990558	0.17997587907	0.05136207451
6	0.24685396042	0.89317630255	0.13072948962
1	-1.74988263328	0.78867941348	0.17007024686
1	-0.99028327943	-0.88092142461	-0.10821256000
1	1.66412223951	-0.11236370094	-0.06355059784
1	1.68016951417	-0.86854655644	-0.18040030340
6
129
6	-0.85183083731	0.18072432624	0.05150062647
6	0.24577987972	0.89415108264	0.13090956261
1	-1.75132690297	0.78857590183	0.17009427656
1	-0.99004477863	-0.88032856334	-0.10812742454
1	1.66502230038	-0.11357768735	-0.06376201767
1	1.68240023462	-0.86954514691	-0.18061667369
6
130
6	-0.85267684645	0.18146757949	0.05163824228
6	0.24471617327	0.89511409884	0.13108755166
1	-1.75276050964	0.78847294587	0.17011808762
1	-0.98981045852	-0.87973875760	-0.10804264219
1	1.66591567365	-0.11478112191	-0.06397164715
1	1.68461586352	-0.87053483158	-0.18083124248
6
131
6	-0.85351796774	0.18220567380	0.05177492886
6	0.24366266070	0.89606557513	0.13126349531
1	-1.75418354813	0.78837055964	0.17014168523
1	-0.98958025958	-0.87915200761	-0.10795821518
1	1.66680245018	-0.11597417615	-0.06417951467
1	1.68681656039	-0.87151571169	-0.18104402981
6
132
6	-0.85435423657	0.18293864444	0.05191069311
6	0.24261916668	0.89700572944	0.13143743090
1	-1.75559611349	0.78826875627	0.17016507453
1	-0.98935412333	-0.87856831215	-0.10787414544
1	1.66768271914	-0.11715701726	-0.06438564769
1	1.68900248338	-0.87248788763	-0.18125505569
6
133
6	-0.85518568829	0.18366652738	0.05204554205
6	0.24158552014	0.89793477345	0.13160939464
1	-1.75699830091	0.78816754818	0.17018826061
1	-0.98913199237	-0.87798766877	-0.10779043469
1	1.66855656801	-0.11832980813	-0.06459007289
1	1.69117378924	-0.87345145900	-0.18146433999
6
134
6	-0.85601235856	0.18438935903	0.05217948267
6	0.24056155438	0.89885291319	0.13177942163
1	-1.75839020561	0.78806694697	0.17021124849
1	-0.98891381041	-0.87741007397	-0.10770708445
1	1.66942408280	-0.11949270768	-0.06479281609
1	1.69333063321	-0.87440652443	-0.18167190251
6
135
6	-0.85683428293	0.18510717624	0.05231252199
6	0.23954710682	0.89976034900	0.13194754599
1	-1.75977192280	0.78796696359	0.17023404312
1	-0.98869952220	-0.87683552319	-0.10762409602
1	1.67028534789	-0.12064587083	-0.06499390247
1	1.69547316903	-0.87535318171	-0.18187776288
6
136
6	-0.85765149720	0.18582001614	0.05244466704
6	0.23854201890	0.90065727598	0.13211380093
1	-1.76114354749	0.78786760829	0.17025664935
1	-0.98848907353	-0.87626401091	-0.10754147050
1	1.67114044622	-0.12178944877	-0.06519335652
1	1.69760154891	-0.87629152763	-0.18208194058
6
137
6	-0.85846403720	0.18652791616	0.05257592477
6	0.23754613578	0.90154388409	0.13227821876
1	-1.76250517445	0.78776889069	0.17027907198
1	-0.98828241117	-0.87569553070	-0.10745920875
1	1.67198945951	-0.12292358908	-0.06539120209
1	1.69971592335	-0.87722165805	-0.18228445493
6
138
6	-0.85927193859	0.18723091408	0.05270630230
6	0.23655930632	0.90242035837	0.13244083085
1	-1.76385689821	0.78767081981	0.17030131567
1	-0.98807948304	-0.87513007553	-0.10737731159
1	1.67283246805	-0.12404843583	-0.06558746242
1	1.70181644130	-0.87814366780	-0.18248532508
6
139
6	-0.86007523635	0.18792905040	0.05283580597
6	0.23558137903	0.90328687974	0.13260166810
1	-1.76519881065	0.78757340284	0.17032338550
1	-0.98788023832	-0.87456763799	-0.10729577965
1	1.67366955141	-0.12516412557	-0.06578215987
1	1.70390325071	-0.87905765631	-0.18268457032
6
140
6	-0.86087396935	0.18862235661	0.05296444299
6	0.23461221670	0.90414362513	0.13276076027
1	-1.76653100868	0.78747664964	0.17034528557
1	-0.98768462627	-0.87400820766	-0.10721461310
1	1.67450078697	-0.12627080317	-0.06597531739
1	1.70597649645	-0.87996370745	-0.18288220861
6
141
6	-0.86166816921	0.18931087582	0.05309222098
6	0.23365167424	0.90499076339	0.13291813620
1	-1.76785358518	0.78738056727	0.17036702021
1	-0.98749259799	-0.87345177733	-0.10713381251
1	1.67532625144	-0.12736860060	-0.06616695624
1	1.70803632252	-0.88086191543	-0.18307825891
6
142
6	-0.86245787431	0.18999464405	0.05321914659
6	0.23269961591	0.90582846328	0.13307382444
1	-1.76916663235	0.78728516241	0.17038859373
1	-0.98730410506	-0.87289833634	-0.10705337791
1	1.67614602038	-0.12845764843	-0.06635709742
1	1.71008287124	-0.88175237185	-0.18327273970
6
143
6	-0.86324311889	0.19067370061	0.05334522688
6	0.23175590587	0.90665688726	0.13322785265
1	-1.77047024246	0.78719044154	0.17041001036
1	-0.98711910022	-0.87234787481	-0.10697330939
1	1.67696016829	-0.12953807470	-0.06654576157
1	1.71211628325	-0.88263516679	-0.18346566920
6
144
6	-0.86402393916	0.19134808287	0.05347046862
6	0.23082041293	0.90747619505	0.13338024800
1	-1.77176450696	0.78709641067	0.17043127419
1	-0.98693753698	-0.87180038158	-0.10689360676
1	1.67776876860	-0.13061000479	-0.06673296889
1	1.71413669739	-0.88351038912	-0.18365706544
6
145
6	-0.86480037004	0.19201782921	0.05359487871
6	0.22989300756	0.90828654233	0.13353103672
1	-1.77304951676	0.78700307539	0.17045238940
1	-0.98675936981	-0.87125584555	-0.10681426987
1	1.67857189397	-0.13167356165	-0.06691873890
1	1.71614425090	-0.88437812662	-0.18384694632
6
146
6	-0.86557244702	0.19268297739	0.05371846386
6	0.22897356413	0.90908808098	0.13368024485
1	-1.77432536216	0.78691044090	0.17047335983
1	-0.98658455401	-0.87071425500	-0.10673529836
1	1.67936961564	-0.13272886494	-0.06710309111
1	1.71813907924	-0.88523846622	-0.18403532933
6
147
6	-0.86634020502	0.19334356545	0.05384123084
6	0.22806195909	0.90988095938	0.13382789769
1	-1.77559213275	0.78681851201	0.17049418935
1	-0.98641304577	-0.87017559795	-0.10665669181
1	1.68016200402	-0.13377603211	-0.06728604450
1	1.72012131624	-0.88609149367	-0.18422223185
6
148
6	-0.86710367905	0.19399963105	0.05396318636
6	0.22715807170	0.91066532265	0.13397401998
1	-1.77684991744	0.78672729318	0.17051488171
1	-0.98624480206	-0.86963986199	-0.10657844969
1	1.68094912865	-0.13481517804	-0.06746761763
1	1.72209109403	-0.88693729374	-0.18440767101
6
149
6	-0.86786290383	0.19465121185	0.05408433707
6	0.22626178357	0.91144131261	0.13411863599
1	-1.77809880443	0.78663678850	0.17053544057
1	-0.98607978070	-0.86910703442	-0.10650057140
1	1.68173105814	-0.13584641524	-0.06764782876
1	1.72404854308	-0.88777595018	-0.18459166373
6
150
6	-0.86861791402	0.19529834533	0.05420468960
6	0.22537297895	0.91220906786	0.13426176938
1	-1.77933888117	0.78654700174	0.17055586952
1	-0.98591794030	-0.86857710226	-0.10642305627
1	1.68250786014	-0.13686985377	-0.06782669574
1	1.72599379222	-0.88860754579	-0.18477422677
6
151
6	-0.86936874395	0.19594106880	0.05432425050
6	0.22449154434	0.91296872395	0.13440344339
1	-1.78057023440	0.78645793635	0.17057617206
1	-0.98575924020	-0.86805005223	-0.10634590352
1	1.68327960144	-0.13788560139	-0.06800423609
1	1.72792696858	-0.88943216237	-0.18495537662
6
152
6	-0.87011542791	0.19657941939	0.05444302629
6	0.22361736865	0.91372041344	0.13454368076
1	-1.78179295006	0.78636959544	0.17059635158
1	-0.98560364050	-0.86752587080	-0.10626911231
1	1.68404634794	-0.13889376367	-0.06818046703
1	1.72984819770	-0.89024988069	-0.18513512956
6
153
6	-0.87085799999	0.19721343404	0.05456102354
6	0.22275034298	0.91446426602	0.13468250379
1	-1.78300711334	0.78628198192	0.17061641134
1	-0.98545110198	-0.86700454428	-0.10619268175
1	1.68480816469	-0.13989444397	-0.06835540551
1	1.73175760346	-0.89106078061	-0.18531350169
6
154
6	-0.87159649393	0.19784314944	0.05467824866
6	0.22189036059	0.91520040851	0.13481993436
1	-1.78421280867	0.78619509834	0.17063635454
1	-0.98530158625	-0.86648605868	-0.10611661085
1	1.68556511590	-0.14088774355	-0.06852906813
1	1.73365530818	-0.89186494096	-0.18549050886
6
155
6	-0.87233094334	0.19846860214	0.05479470811
6	0.22103731693	0.91592896510	0.13495599390
1	-1.78541011967	0.78610894701	0.17065618427
1	-0.98515505558	-0.86597039987	-0.10604089858
1	1.68631726493	-0.14187376164	-0.06870147125
1	1.73554143255	-0.89266243962	-0.18566616671
6
156
6	-0.87306138170	0.19908982842	0.05491040820
6	0.22019110960	0.91665005725	0.13509070348
1	-1.78659912918	0.78602352994	0.17067590353
1	-0.98501147291	-0.86545755357	-0.10596554384
1	1.68706467431	-0.14285259542	-0.06887263098
1	1.73741609570	-0.89345335351	-0.18584049065
6
157
6	-0.87378784217	0.19970686443	0.05502535525
6	0.21935163810	0.91736380385	0.13522408375
1	-1.78777991926	0.78593884893	0.17069551523
1	-0.98487080183	-0.86494750532	-0.10589054547
1	1.68780740577	-0.14382434015	-0.06904256314
1	1.73927941519	-0.89423775863	-0.18601349589
6
158
6	-0.87451035774	0.20031974596	0.05513955554
6	0.21851880400	0.91807032131	0.13535615501
1	-1.78895257116	0.78585490554	0.17071502218
1	-0.98473300658	-0.86444024051	-0.10581590225
1	1.68854552022	-0.14478908919	-0.06921128336
1	1.74113150708	-0.89501573000	-0.18618519738
6
159
6	-0.87522896115	0.20092850865	0.05525301527
6	0.21769251073	0.91876972355	0.13548693718
1	-1.79011716535	0.78577170110	0.17073442710
1	-0.98459805204	-0.86393574440	-0.10574161292
1	1.68927907776	-0.14574693405	-0.06937880698
1	1.74297248586	-0.89578734174	-0.18635560991
6
160
6	-0.87594368493	0.20153318785	0.05536574063
6	0.21687266368	0.91946212213	0.13561644983
1	-1.79127378147	0.78568923672	0.17075373260
1	-0.98446590369	-0.86343400214	-0.10566767616
1	1.69000813768	-0.14669796442	-0.06954514916
1	1.74480246455	-0.89655266702	-0.18652474800
6
161
6	-0.87665456134	0.20213381869	0.05547773774
6	0.21605917005	0.92014762628	0.13574471219
1	-1.79242249840	0.78560751329	0.17077294123
1	-0.98433652761	-0.86293499879	-0.10559409062
1	1.69073275848	-0.14764226826	-0.06971032482
1	1.74662155465	-0.89731177810	-0.18669262599
6
162
6	-0.87736162244	0.20273043602	0.05558901271
6	0.21525193886	0.92082634297	0.13587174315
1	-1.79356339420	0.78552653153	0.17079205542
1	-0.98420989047	-0.86243871930	-0.10552085489
1	1.69145299786	-0.14857993178	-0.06987434868
1	1.74842986622	-0.89806474633	-0.18685925798
6
163
6	-0.87806490003	0.20332307444	0.05569957152
6	0.21445088026	0.92149837750	0.13599756178
1	-1.79469654613	0.78544629193	0.17081107731
1	-0.98408595950	-0.86194514856	-0.10544796744
1	1.69216891334	-0.14951104006	-0.07003723577
1	1.75022750788	-0.89881164214	-0.18702465767
6
164
6	-0.87876442574	0.20391176831	0.05580942023
6	0.21365590731	0.92216383208	0.13612218598
1	-1.79582203069	0.78536679477	0.17083000930
1	-0.98396470248	-0.86145427133	-0.10537542685
1	1.69288056059	-0.15043567544	-0.07019900000
1	1.75201458682	-0.89955253529	-0.18718883893
6
165
6	-0.87946023079	0.20449655169	0.05591856479
6	0.21286693411	0.92282280714	0.13624563373
1	-1.79693992353	0.78528804029	0.17084885354
1	-0.98384608774	-0.86096607236	-0.10530323159
1	1.69358799501	-0.15135391931	-0.07035965554
1	1.75379120876	-0.90028749435	-0.18735181520
6
166
6	-0.88015234628	0.20507745838	0.05602701113
6	0.21208387658	0.92347540114	0.13636792266
1	-1.79805029952	0.78521002844	0.17086761212
1	-0.98373008415	-0.86048053632	-0.10523138012
1	1.69429127111	-0.15226585147	-0.07051921631
1	1.75555747809	-0.90101658706	-0.18751359975
6
167
6	-0.88084080300	0.20565452198	0.05613476512
6	0.21130665216	0.92412171043	0.13648907012
1	-1.79915323272	0.78513275902	0.17088628703
1	-0.98361666108	-0.85999764786	-0.10515987084
1	1.69499044265	-0.15317155016	-0.07067769606
1	1.75731349780	-0.90173988031	-0.18767420564
6
168
6	-0.88152563151	0.20622777576	0.05624183261
6	0.21053518000	0.92476182941	0.13660909316
1	-1.80024879641	0.78505623171	0.17090488019
1	-0.98350578839	-0.85951739155	-0.10508870215
1	1.69568556259	-0.15407109210	-0.07083510835
1	1.75905936955	-0.90245744013	-0.18783364573
6
169
6	-0.88220686209	0.20679725273	0.05634821939
6	0.20976938075	0.92539585056	0.13672800854
1	-1.80133706309	0.78498044601	0.17092339343
1	-0.98339743647	-0.85903975194	-0.10501787240
1	1.69637668312	-0.15496455258	-0.07099146654
1	1.76079519361	-0.90316933167	-0.18799193269
6
170
6	-0.88288452478	0.20736298563	0.05645393123
6	0.20900917663	0.92602386443	0.13684583269
1	-1.80241810444	0.78490540129	0.17094182854
1	-0.98329157617	-0.85856471355	-0.10494737994
1	1.69706385560	-0.15585200544	-0.07114678381
1	1.76252106898	-0.90387561924	-0.18814907898
6
171
6	-0.88355864933	0.20792500692	0.05655897384
6	0.20825449139	0.92664595970	0.13696258178
1	-1.80349199139	0.78483109677	0.17096018721
1	-0.98318817880	-0.85809226090	-0.10487722307
1	1.69774713063	-0.15673352311	-0.07130107313
1	1.76423709333	-0.90457636627	-0.18830509690
6
172
6	-0.88422926525	0.20848334879	0.05666335290
6	0.20750525027	0.92726222323	0.13707827166
1	-1.80455879406	0.78475753157	0.17097847108
1	-0.98308721613	-0.85762237847	-0.10480740010
1	1.69842655795	-0.15760917668	-0.07145434725
1	1.76594336303	-0.90527163534	-0.18845999856
6
173
6	-0.88489640179	0.20903804316	0.05676707407
6	0.20676137998	0.92787274013	0.13719291789
1	-1.80561858179	0.78468470465	0.17099668174
1	-0.98298866034	-0.85715505073	-0.10473790931
1	1.69910218654	-0.15847903588	-0.07160661878
1	1.76763997322	-0.90596148821	-0.18861379589
6
174
6	-0.88556008785	0.20958912170	0.05687014294
6	0.20602280865	0.92847759364	0.13730653575
1	-1.80667142314	0.78461261487	0.17101482070
1	-0.98289248415	-0.85669026221	-0.10466874897
1	1.69977406457	-0.15934316912	-0.07175790005
1	1.76932701775	-0.90664598578	-0.18876650064
6
175
6	-0.88622035217	0.21013661574	0.05697256506
6	0.20528946589	0.92907686538	0.13741914020
1	-1.80771738592	0.78454126097	0.17103288944
1	-0.98279866064	-0.85622799735	-0.10459991733
1	1.70044223938	-0.16020164352	-0.07190820326
1	1.77100458928	-0.90732518811	-0.18891812438
6
176
6	-0.88687722317	0.21068055638	0.05707434597
6	0.20456128265	0.92967063525	0.13753074593
1	-1.80875653710	0.78447064158	0.17105088939
1	-0.98270716332	-0.85576824067	-0.10453141265
1	1.70110675755	-0.16105452500	-0.07205754036
1	1.77267277920	-0.90799915443	-0.18906867855
6
177
6	-0.88753072894	0.21122097444	0.05717549115
6	0.20383819124	0.93025898143	0.13764136731
1	-1.80978894295	0.78440075524	0.17106882194
1	-0.98261796611	-0.85531097667	-0.10446323317
1	1.70176766481	-0.16190187816	-0.07220592310
1	1.77433167776	-0.90866794316	-0.18921817440
6
178
6	-0.88818089761	0.21175790028	0.05727600597
6	0.20312012541	0.93084198052	0.13775101846
1	-1.81081466893	0.78433160040	0.17108668844
1	-0.98253104312	-0.85485618970	-0.10439537708
1	1.70242500611	-0.16274376649	-0.07235336302
1	1.77598137396	-0.90933161191	-0.18936662303
6
179
6	-0.88882775630	0.21229136459	0.05737589594
6	0.20240701997	0.93141970744	0.13785971314
1	-1.81183377980	0.78426317538	0.17110449018
1	-0.98244636933	-0.85440386465	-0.10432784270
1	1.70307882558	-0.16358025223	-0.07249987148
1	1.77762195569	-0.90999021741	-0.18951403536
6
180
6	-0.88947133268	0.21282139695	0.05747516640
6	0.20169881152	0.93199223582	0.13796746488
1	-1.81284633946	0.78419547841	0.17112222845
1	-0.98236391980	-0.85395398591	-0.10426062822
1	1.70372916659	-0.16441139650	-0.07264545958
1	1.77925350966	-0.91064381565	-0.18966042219
6
181
6	-0.89011165362	0.21334802725	0.05757382266
6	0.20099543744	0.93255963745	0.13807428690
1	-1.81385241114	0.78412850766	0.17113990448
1	-0.98228367000	-0.85350653815	-0.10419373190
1	1.70437607168	-0.16523725931	-0.07279013826
1	1.78087612146	-0.91129246179	-0.18980579416
6
182
6	-0.89074874595	0.21387128482	0.05767187001
6	0.20029683662	0.93312198279	0.13818019216
1	-1.81485205726	0.78406226120	0.17115751948
1	-0.98220559578	-0.85306150598	-0.10412715194
1	1.70501958265	-0.16605789953	-0.07293391822
1	1.78248987554	-0.91193621020	-0.18995016175
6
183
6	-0.89138263613	0.21439119883	0.05776931368
6	0.19960294907	0.93367934078	0.13828519332
1	-1.81584533950	0.78399673706	0.17117507465
1	-0.98212967335	-0.85261887409	-0.10406088661
1	1.70565974047	-0.16687337499	-0.07307680997
1	1.78409485525	-0.91257511448	-0.19009353534
6
184
6	-0.89201335039	0.21490779814	0.05786615886
6	0.19891371603	0.93423177894	0.13838930277
1	-1.81683231882	0.78393193316	0.17119257114
1	-0.98205587926	-0.85217862722	-0.10399493412
1	1.70629658539	-0.16768374247	-0.07321882381
1	1.78569114288	-0.91320922744	-0.19023592512
6
185
6	-0.89264091465	0.21542111133	0.05796241069
6	0.19822907988	0.93477936338	0.13849253265
1	-1.81781305543	0.78386784737	0.17121001011
1	-0.98198419044	-0.85174075016	-0.10392929272
1	1.70693015684	-0.16848905769	-0.07335996984
1	1.78727881962	-0.91383860112	-0.19037734117
6
186
6	-0.89326535459	0.21593116677	0.05805807437
6	0.19754898417	0.93532215885	0.13859489482
1	-1.81878760880	0.78380447747	0.17122739261
1	-0.98191458411	-0.85130522773	-0.10386396066
1	1.70756049356	-0.16928937542	-0.07350025797
1	1.78885796559	-0.91446328682	-0.19051779344
6
187
6	-0.89388669558	0.21643799236	0.05815315483
6	0.19687337358	0.93586022881	0.13869640092
1	-1.81975603772	0.78374182124	0.17124471979
1	-0.98184703786	-0.85087204483	-0.10379893617
1	1.70818763347	-0.17008474940	-0.07363969792
1	1.79042865993	-0.91508333508	-0.19065729173
6
188
6	-0.89450496270	0.21694161595	0.05824765709
6	0.19620219383	0.93639363530	0.13879706226
1	-1.82071840020	0.78367987639	0.17126199276
1	-0.98178152962	-0.85044118643	-0.10373421751
1	1.70881161378	-0.17087523243	-0.07377829917
1	1.79199098073	-0.91569879566	-0.19079584570
6
189
6	-0.89512018082	0.21744206498	0.05834158611
6	0.19553539178	0.93692243917	0.13889688995
1	-1.82167475355	0.78361864053	0.17127921258
1	-0.98171803761	-0.85001263755	-0.10366980293
1	1.70943247103	-0.17166087638	-0.07391607105
1	1.79354500498	-0.91630971765	-0.19093346492
6
190
6	-0.89573237450	0.21793936670	0.05843494680
6	0.19487291528	0.93744670000	0.13899589486
1	-1.82262515437	0.78355811124	0.17129638028
1	-0.98165654039	-0.84958638327	-0.10360569071
1	1.71005024101	-0.17244173220	-0.07405302270
1	1.79509080878	-0.91691614936	-0.19107015880
6
191
6	-0.89634156806	0.21843354796	0.05852774404
6	0.19421471325	0.93796647618	0.13909408760
1	-1.82356965857	0.78349828609	0.17131349691
1	-0.98159701680	-0.84916240876	-0.10354187912
1	1.71066495883	-0.17321784994	-0.07418916306
1	1.79662846717	-0.91751813843	-0.19120593664
6
192
6	-0.89694778552	0.21892463546	0.05861998262
6	0.19356073554	0.93848182489	0.13919147859
1	-1.82450832136	0.78343916258	0.17133056348
1	-0.98153944602	-0.84874069926	-0.10347836643
1	1.71127665890	-0.17398927879	-0.07432450092
1	1.79815805428	-0.91811573178	-0.19134080761
6
193
6	-0.89755105064	0.21941265557	0.05871166733
6	0.19291093301	0.93899280215	0.13928807799
1	-1.82544119725	0.78338073818	0.17134758098
1	-0.98148380750	-0.84832124008	-0.10341515092
1	1.71188537496	-0.17475606709	-0.07445904489
1	1.79967964324	-0.91870897563	-0.19147478076
6
194
6	-0.89815138693	0.21989763439	0.05880280288
6	0.19226525747	0.93949946289	0.13938389576
1	-1.82636834008	0.78332301032	0.17136455040
1	-0.98143008099	-0.84790401661	-0.10335223090
1	1.71249114008	-0.17551826235	-0.07459280341
1	1.80119330627	-0.91929791553	-0.19160786500
6
195
6	-0.89874881763	0.22037959777	0.05889339394
6	0.19162366163	0.94000186091	0.13947894165
1	-1.82728980300	0.78326597638	0.17138147272
1	-0.98137824653	-0.84748901433	-0.10328960465
1	1.71309398670	-0.17627591128	-0.07472578476
1	1.80269911465	-0.91988259635	-0.19174006917
6
196
6	-0.89934336573	0.22085857127	0.05898344513
6	0.19098609912	0.94050004896	0.13957322522
1	-1.82820563851	0.78320963374	0.17139834887
1	-0.98132828445	-0.84707621879	-0.10322727048
1	1.71369394662	-0.17702905978	-0.07485799705
1	1.80419713876	-0.92046306230	-0.19187140195
6
197
6	-0.89993505399	0.22133458022	0.05907296099
6	0.19035252446	0.94099407875	0.13966675581
1	-1.82911589843	0.78315397975	0.17141517981
1	-0.98128017528	-0.84666561565	-0.10316522670
1	1.71429105102	-0.17777775297	-0.07498944827
1	1.80568744806	-0.92103935698	-0.19200187190
6
198
6	-0.90052390483	0.22180764961	0.05916194606
6	0.18972289297	0.94148400094	0.13975954257
1	-1.83002063397	0.78309901171	0.17143196646
1	-0.98123389994	-0.84625719062	-0.10310347164
1	1.71488533047	-0.17852203525	-0.07512014625
1	1.80717011113	-0.92161152328	-0.19213148748
6
199
6	-0.90110994051	0.22227780422	0.05925040483
6	0.18909716089	0.94196986525	0.13985159448
1	-1.83091989563	0.78304472690	0.17144870973
1	-0.98118943957	-0.84585092950	-0.10304200363
1	1.71547681494	-0.17926195026	-0.07525009866
1	1.80864519570	-0.92217960350	-0.19226025701
