22
12
-0.023147472361360079546  0.001053210442962905675 -0.025190254165302107536 -0.025294781827604490704 -0.025578913282902841775 -0.001618675910967266223  0.004533039260760027278  0.000000431276442138822  0.003054558313550206818 -0.001389471643361837741 -0.000004734976959514785 -0.000006041612557832861
12
 0.011477141693673543685 -0.019008483856853969352  0.008652816423369071377 -0.017791283028527424964  0.015794283122508100126 -0.002848911963774254825  0.003456719418268922994  0.003500499758575501257  0.001297732568800097092 -0.001228162942922782913 -0.002881613852376723340 -0.036363133766123101331
12
 0.011476919906018293732 -0.019009383931974540433  0.008653416536540649295 -0.017791994868127224833  0.015793954845619476157 -0.002848909457485848847  0.003456788244913032698 -0.003502004051499267492  0.001297884693664944295 -0.001228366031470760943  0.002881851493243009314  0.036362202421354454518
12
 0.000002831029095843809  0.034576937611937454131  0.025189141795331826401 -0.025288380903008254169  0.001233311832974578809 -0.003294496847429311676 -0.002609157486705449783 -0.000000227880157270949  0.003054396344199103268  0.001388657023056514986 -0.000000173029905052002 -0.000011335871243379042
12
 0.000002922667768761714  0.034569654466656871139 -0.025198930176909536960  0.025288704395641920658  0.001233460294510965553 -0.003294080955137172056 -0.002609095034677015243 -0.000003899562275920607 -0.003053796794642675127 -0.001388834050613991329  0.000000162914651831956 -0.000002964741511831185
12
-0.023148487158902292943  0.001056090790744913105  0.025194961440398271763  0.025287230148256064494 -0.025580816380715961506 -0.001618324053099786048  0.004532890833443586204  0.000001814596622219032 -0.003054328548197515845  0.001388861079965672670  0.000003193697034232340 -0.000003703634534165174
12
 0.036734146107984769203  0.000391449950368598582  0.000002683369844338816 -0.000006211903559982217 -0.027250922770593717648 -0.004575996259152654774  0.019669673261657975166 -0.000001082369584817827 -0.000001476442882165226 -0.000001994679872495581 -0.000004886835022932102 -0.000024896205114514912
12
-0.006147175830947156083 -0.020574435302087534100  0.019572446962661176756 -0.010491017513735436187 -0.011316708736633370597  0.002246905362888629298  0.001000716423255768343 -0.030094244263494281111  0.002291991280537530006  0.001728651515970116345 -0.000794548810490187723  0.022295929972256458423
12
-0.006147527096672266399 -0.020574533678634213812  0.019572215131332473120 -0.010491014369772247439 -0.011316139964667364451  0.002247261592113630226  0.001000116382510840172  0.030093209433347638260  0.002291689680207295403  0.001728363038730893180  0.000794885756730746699 -0.022297665078590767074
12
 0.013613288359874003292 -0.000657227035232368808  0.016755343252039388291  0.016164789389131448138  0.016565567750752765303 -0.001718775984282275120  0.000485032790680166997 -0.011181008902784155684 -0.003055697607226597577  0.000706199269814744676  0.029824321076349465803 -0.021685384791251944431
12
 0.014214433900207353381  0.003948317500043874162 -0.020251655816007938654 -0.013741282368258087715  0.015129150941933657004 -0.000643252988291434557 -0.001106337689238454059 -0.022945264937599289812  0.001814434821594588338 -0.001152545990052709565 -0.020418363604611914491 -0.022469178809206249992
12
 0.013613937016200085978 -0.000657952334917642941  0.016755917412086700213  0.016164268919061749313  0.016565596613113374447 -0.001718680563238017631  0.000485006198225430493  0.011180522559733292731 -0.003055700097229018843  0.000708444369116986565 -0.029825294566827299098  0.021683724250720248089
12
 0.014215334586596007488  0.003947338637585651698 -0.020251162597486500883 -0.013742162829387317979  0.015129244349864054420 -0.000643551824599695077 -0.001105772224474118855  0.022945017028830665129  0.001814419965400763512 -0.001154353347122509445  0.020418940845591201233  0.022468280431775875666
12
 0.011894534293222876545  0.000934819159455637641  0.001018067941285504289  0.004357349924239767129  0.020185153722776190410 -0.006902582318828196471  0.010874154426176780089 -0.000004337602302333051 -0.026763448555593205569  0.032372945741428543753  0.000001167120280300680 -0.000009147903864600496
12
 0.002052171659257375890 -0.024371472675770652905 -0.000445872033420275109  0.000515301080056127328 -0.003680993623872369155 -0.011009399232480735625 -0.002753697940490256249 -0.000000271077092143145  0.027036000712868529100  0.032063542504314014592  0.000000098545947455115 -0.000006603017664000561
12
 0.011910493375060912311  0.002384329189656649028 -0.005102263242811753453  0.001299235920396043381  0.019921377477540441747 -0.007689623761898819673  0.009974483149171511215 -0.000004787888914957515  0.027412122030247045024 -0.031903409702618408528  0.000001221350527126604 -0.000010006847962949713
12
 0.001127439303433130013 -0.023504184545912142762 -0.006917201680427880264  0.006837681340506798072 -0.003171351511406799925 -0.015555745719326512580 -0.005814118245410490604  0.000000200781659055498 -0.025841586316874068374 -0.029967487091846180952 -0.000000224108118503047 -0.000009587435992726614
12
-0.002127782234838424252  0.003753755933050409183 -0.023038929364651770243  0.023712428087288586753 -0.000439217875337503266 -0.025707580899862043228 -0.014281655068637879105 -0.000001058747305684537 -0.016457939622893495019 -0.015887361865437234915 -0.000000775582282170407 -0.000001459726323436667
12
 0.019896449056892934887 -0.006027828264739736909 -0.007353642243021820193 -0.016424409040435346968 -0.006058952596520152979  0.011913353732917896302 -0.022543538318267820203 -0.004827855924714846182 -0.008524395198657858108  0.012950160651182289137  0.024761733759139335775  0.013427050500725261004
12
 0.023446166835819397256 -0.001240000425871983728  0.012323966955833234177  0.009839766337013172368 -0.003745149112851258854  0.012915250423599634183 -0.025085233274173165258 -0.004562189305978554474  0.012096115590959324176 -0.013768784165447333842 -0.022452554190637796783  0.005395696620657309574
12
 0.017390247292805124935 -0.004354040491496766890  0.017413828823984477123  0.011717715097418241951 -0.000677156650967543372  0.010350574989074122489 -0.018200905861544373898  0.008480948984725801207  0.011755808621357336646 -0.016626226017686766140  0.025937779712399796489 -0.011827260508643366171
12
-0.015504503813396889114  0.001242267484986263630  0.022547324458066904385  0.018987183785490857613  0.006543262396142788054 -0.014981527266666697096  0.023099842445248451595  0.000003694960794675825 -0.015745331330912767237  0.018449753465140439346  0.000005512593831849150 -0.000008715887349440612
